ACDEFGHIKLMNPQRSTVWY

{{             0,    0.35794081,      1.193136,     1.9686744,     0.1789704,      2.386272,     0.2286844,    0.64628201,     0.2585128,    0.40765481,    0.71588161,    0.97439441,        2.4857,    0.88490921,     0.2684556,     4.0666053,     3.6887789,     2.0681024,             0,     0.2386272}
{    0.35794081,             0,             0,             0,             0,     0.1093708,     0.2783984,    0.43748321,             0,             0,             0,             0,     0.1889132,             0,     0.2286844,     1.6007908,     0.1590848,    0.48719721,             0,    0.95450881}
{      1.193136,             0,             0,     11.464049,             0,       1.24285,    0.85508081,     0.2386272,    0.70593881,             0,             0,     8.9982341,     0.1292564,     1.3323352,             0,    0.94456601,    0.65622481,     0.1789704,             0,             0}
{     1.9686744,             0,     11.464049,             0,             0,    0.80536681,    0.42754041,    0.60651081,    0.82525241,     0.1093708,      0.298284,     1.4715344,    0.50708281,     7.1190449,  0.0099428001,    0.78548121,     0.3380552,    0.36788361,             0,     0.2187416}
{     0.1789704,             0,             0,             0,             0,      0.149142,    0.47725441,     1.9487888,             0,     1.5610196,    0.91473761,     0.1391992,     0.1093708,             0,     0.1391992,    0.45736881,     0.1292564,     0.1193136,    0.75565281,     6.9400745}
{      2.386272,     0.1093708,       1.24285,    0.80536681,      0.149142,             0,   0.099428001,             0,     0.2684556,   0.069599601,     0.1690276,     1.3820492,     0.3380552,     0.2783984,   0.089485201,     2.3266152,      0.298284,    0.53691121,             0,             0}
{     0.2286844,     0.2783984,    0.85508081,    0.42754041,    0.47725441,   0.099428001,             0,   0.069599601,     0.2585128,    0.43748321,             0,     5.3193981,    0.93462321,     6.0253369,      2.386272,    0.34799801,     0.2187416,    0.43748321,     0.2684556,     1.2627356}
{    0.64628201,    0.43748321,     0.2386272,    0.60651081,     1.9487888,             0,   0.069599601,             0,    0.45736881,     2.5552996,     3.3407808,    0.76559561,     0.1193136,     0.1789704,    0.63633921,     0.2386272,     1.9090176,     8.8391493,             0,    0.36788361}
{     0.2585128,             0,    0.70593881,    0.82525241,             0,     0.2684556,     0.2585128,    0.45736881,             0,     0.1789704,     2.4161004,     3.1618104,     0.3281124,     1.5212484,     4.6134593,    0.95450881,     1.3522208,   0.099428001,             0,     0.1292564}
{    0.40765481,             0,             0,     0.1093708,     1.5610196,   0.069599601,    0.43748321,     2.5552996,     0.1789704,             0,     5.2398557,     0.3380552,     0.3181696,    0.72582441,      0.149142,     0.1690276,     0.3281124,       1.73999,    0.45736881,     0.2783984}
{    0.71588161,             0,             0,      0.298284,    0.91473761,     0.1690276,             0,     3.3407808,     2.4161004,     5.2398557,             0,  0.0099428001,     0.1690276,     1.1334792,    0.89485201,    0.61645361,     1.0340512,     2.5652424,             0,             0}
{    0.97439441,             0,     8.9982341,     1.4715344,     0.1391992,     1.3820492,     5.3193981,    0.76559561,     3.1618104,     0.3380552,  0.0099428001,             0,    0.41759761,     1.0241084,     0.3181696,     4.9216861,     2.2769012,      0.149142,     0.2286844,    0.94456601}
{        2.4857,     0.1889132,     0.1292564,    0.50708281,     0.1093708,     0.3380552,    0.93462321,     0.1193136,     0.3281124,     0.3181696,     0.1690276,    0.41759761,             0,     1.5212484,     1.0241084,      2.435986,    0.77553841,    0.47725441,             0,             0}
{    0.88490921,             0,     1.3323352,     7.1190449,             0,     0.2783984,     6.0253369,     0.1789704,     1.5212484,    0.72582441,     1.1334792,     1.0241084,     1.5212484,             0,     2.4459288,    0.55679681,    0.52696841,    0.34799801,             0,             0}
{     0.2684556,     0.2286844,             0,  0.0099428001,     0.1391992,   0.089485201,      2.386272,    0.63633921,     4.6134593,      0.149142,    0.89485201,     0.3181696,     1.0241084,     2.4459288,             0,     1.5311912,     0.2585128,     0.2386272,     1.9985028,   0.079542401}
{     4.0666053,     1.6007908,    0.94456601,    0.78548121,    0.45736881,     2.3266152,    0.34799801,     0.2386272,    0.95450881,     0.1690276,    0.61645361,     4.9216861,      2.435986,    0.55679681,     1.5311912,             0,     5.4685401,      0.298284,    0.74571001,     0.3380552}
{     3.6887789,     0.1590848,    0.65622481,     0.3380552,     0.1292564,      0.298284,     0.2187416,     1.9090176,     1.3522208,     0.3281124,     1.0340512,     2.2769012,    0.77553841,    0.52696841,     0.2585128,     5.4685401,             0,     1.5610196,             0,    0.41759761}
{     2.0681024,    0.48719721,     0.1789704,    0.36788361,     0.1193136,    0.53691121,    0.43748321,     8.8391493,   0.099428001,       1.73999,     2.5652424,      0.149142,    0.47725441,    0.34799801,     0.2386272,      0.298284,     1.5610196,             0,             0,     0.2783984}
{             0,             0,             0,             0,    0.75565281,             0,     0.2684556,             0,             0,    0.45736881,             0,     0.2286844,             0,             0,     1.9985028,    0.74571001,             0,             0,             0,    0.60651081}
{     0.2386272,    0.95450881,             0,     0.2187416,     6.9400745,             0,     1.2627356,    0.36788361,     0.1292564,     0.2783984,             0,    0.94456601,             0,             0,   0.079542401,     0.3380552,    0.41759761,     0.2783984,    0.60651081,             0}
}


{{      0.087127}
{      0.033474}
{      0.046872}
{       0.04953}
{      0.039772}
{      0.088612}
{      0.033618}
{      0.036886}
{      0.080482}
{      0.085357}
{      0.014753}
{      0.040432}
{       0.05068}
{      0.038255}
{      0.040904}
{      0.069577}
{      0.058542}
{      0.064718}
{      0.010494}
{      0.029916}
}
