ACDEFGHIKLMNPQRSTVWY

{{             0,             0,   0.092947176,             0,             0,    0.65907998,   0.067597946,    0.63373075,             0,    0.17744461,    0.64218049,   0.016899487,    0.44783639,             0,    0.27039178,     2.8898122,     5.7542752,     3.3629978,   0.042248716,             0}
{             0,             0,             0,             0,   0.059148203,             0,     2.5771717,    0.34643947,             0,    0.22814307,             0,             0,             0,             0,     1.5716523,     2.9320609,    0.96327073,             0,    0.54923331,     4.4783639}
{   0.092947176,             0,             0,     4.8079039,   0.042248716,    0.66752972,   0.092947176,             0,             0,             0,             0,     7.3005782,   0.016899487,    0.41403742,             0,    0.13519589,             0,   0.084497433,             0,             0}
{             0,             0,     4.8079039,             0,             0,    0.18589435,    0.18589435,             0,     1.8166948,             0,             0,             0,             0,     2.3152297,             0,    0.17744461,   0.033798973,    0.16899487,             0,             0}
{             0,   0.059148203,   0.042248716,             0,             0,             0,             0,    0.48163537,             0,     2.0786368,   0.092947176,    0.05069846,    0.14364564,             0,             0,     0.7604769,   0.067597946,    0.05069846,             0,     5.7627249}
{    0.65907998,             0,    0.66752972,    0.18589435,             0,             0,             0,             0,             0,             0,             0,    0.39713793,             0,             0,    0.15209538,    0.94637125,             0,   0.042248716,             0,  0.0084497433}
{   0.067597946,     2.5771717,   0.092947176,    0.18589435,             0,             0,             0,             0,             0,    0.21969333,             0,     3.8699824,    0.44783639,     4.6473588,     1.9603404,    0.16899487,  0.0084497433,             0,             0,     12.885859}
{    0.63373075,    0.34643947,             0,             0,    0.48163537,             0,             0,             0,    0.05069846,     1.9603404,      3.194003,    0.16054512,   0.042248716,             0,             0,             0,     3.0419076,      18.75843,             0,    0.13519589}
{             0,             0,             0,     1.8166948,             0,             0,             0,    0.05069846,             0,   0.033798973,    0.49853485,     3.4474953,    0.15209538,     2.0448379,    0.42248716,    0.54923331,    0.42248716,             0,             0,     0.5661328}
{    0.17744461,    0.22814307,             0,             0,     2.0786368,             0,    0.21969333,     1.9603404,   0.033798973,             0,     5.1458937,             0,    0.36333896,    0.16899487,    0.05069846,      0.625281,    0.28729127,    0.84497433,    0.10139692,    0.21124358}
{    0.64218049,             0,             0,             0,   0.092947176,             0,             0,      3.194003,    0.49853485,     5.1458937,             0,    0.17744461,             0,    0.18589435,             0,    0.39713793,     5.8387726,     7.0301864,    0.10984666,             0}
{   0.016899487,             0,     7.3005782,             0,    0.05069846,    0.39713793,     3.8699824,    0.16054512,     3.4474953,             0,    0.17744461,             0,    0.27884153,   0.067597946,   0.033798973,     3.7685855,    0.92947176,             0,    0.05069846,       1.31816}
{    0.44783639,             0,   0.016899487,             0,    0.14364564,             0,    0.44783639,   0.042248716,    0.15209538,    0.36333896,             0,    0.27884153,             0,    0.43093691,    0.07604769,     1.7068481,    0.65907998,             0,   0.059148203,   0.067597946}
{             0,             0,    0.41403742,     2.3152297,             0,             0,     4.6473588,             0,     2.0448379,    0.16899487,    0.18589435,   0.067597946,    0.43093691,             0,     2.0786368,     0.2534923,             0,    0.27884153,             0,    0.45628614}
{    0.27039178,     1.5716523,             0,             0,             0,    0.15209538,     1.9603404,             0,    0.42248716,    0.05069846,             0,   0.033798973,    0.07604769,     2.0786368,             0,    0.02534923,             0,             0,    0.13519589,             0}
{     2.8898122,     2.9320609,    0.13519589,    0.17744461,     0.7604769,    0.94637125,    0.16899487,             0,    0.54923331,      0.625281,    0.39713793,     3.7685855,     1.7068481,     0.2534923,    0.02534923,             0,     5.1881424,             0,    0.14364564,    0.90412253}
{     5.7542752,    0.96327073,             0,   0.033798973,   0.067597946,             0,  0.0084497433,     3.0419076,    0.42248716,    0.28729127,     5.8387726,    0.92947176,    0.65907998,             0,             0,     5.1881424,             0,     2.0025892,             0,             0}
{     3.3629978,             0,   0.084497433,    0.16899487,    0.05069846,   0.042248716,             0,      18.75843,             0,    0.84497433,     7.0301864,             0,             0,    0.27884153,             0,             0,     2.0025892,             0,             0,             0}
{   0.042248716,    0.54923331,             0,             0,             0,             0,             0,             0,             0,    0.10139692,    0.10984666,    0.05069846,   0.059148203,             0,    0.13519589,    0.14364564,             0,             0,             0,    0.11829641}
{             0,     4.4783639,             0,             0,     5.7627249,  0.0084497433,     12.885859,    0.13519589,     0.5661328,    0.21124358,             0,       1.31816,   0.067597946,    0.45628614,             0,    0.90412253,             0,             0,    0.11829641,             0}
}


{{        0.0692}
{        0.0065}
{        0.0186}
{        0.0236}
{        0.0611}
{        0.0557}
{        0.0277}
{        0.0905}
{        0.0221}
{        0.1675}
{        0.0561}
{          0.04}
{        0.0536}
{        0.0238}
{        0.0184}
{        0.0725}
{         0.087}
{        0.0428}
{        0.0293}
{         0.034}
}
