
*** RUNNING SINGLE RATE MODEL ***
#################################

>Done in 8 seconds 

Log Likelihood = -1137.68842477111;
Shared Parameters:
c=0.905514
kappa=0.405032

Tree givenTree=(U68496:0.00791381,U68497:0.0263936,((U68498:0.0168054,(U68499:0.00947244,U68500:0.0332948)Node7:0.0278248)Node5:0.007869,(U68501:0.0439051,(U68502:0.063708,(U68503:0.0644317,((((U68504:0.00632164,U68506:0.023457)Node19:0.018507,U68505:0.0101047)Node18:0.0122298,U68507:0.0203772)Node17:0.0115893,U68508:0.0660909)Node16:0.0168485)Node14:0.0213505)Node12:0.0112328)Node10:0.0160445)Node4:0.0509358);


-----------------------------------

dN/dS = 0.905514


*** RUNNING MODEL 1 (Neutral) ***
######################################

>Done in 15 seconds 

Log Likelihood = -1114.64180530284;
Shared Parameters:
P=0.483187
W=0.078606
kappa=0.385719

Tree givenTree=(U68496:0.00820222,U68497:0.0288017,((U68498:0.0173728,(U68499:0.00977848,U68500:0.0359187)Node7:0.0309333)Node5:0.00828193,(U68501:0.0480687,(U68502:0.0727697,(U68503:0.0735606,((((U68504:0.00661361,U68506:0.0245948)Node19:0.019459,U68505:0.0107575)Node18:0.0136006,U68507:0.0210569)Node17:0.00750022,U68508:0.0775163)Node16:0.020334)Node14:0.0223869)Node12:0.00842108)Node10:0.0174271)Node4:0.056675);


------------------------------------------------

dN/dS = 0.554794 (sample variance = 0.212002)

Rate[1]=  0.07860603 (weight=0.4831872)
Rate[2]=  1.00000000 (weight=0.5168128)

------------------------------------------------

 No rate classes with dN/dS>1.

------------------------------------------------

Tabulated Posteriors for Each Site
Sites in Columns, Rate Classes in Rows
Import the following part into a data processing program
for further analysis


Rate/Site	Rate=0.078606	Rate=1
1	0.000417299	0.999583
2	0.949605	0.0503947
3	0.852892	0.147108
4	0.977358	0.0226421
5	0.709107	0.290893
6	0.970691	0.0293092
7	0.841258	0.158742
8	0.644995	0.355005
9	0.00904766	0.990952
10	0.25188	0.74812
11	0.936359	0.0636409
12	0.804254	0.195746
13	0.959357	0.0406426
14	0.683358	0.316642
15	0.968748	0.0312519
16	0.968748	0.0312519
17	0.949605	0.0503947
18	0.0963979	0.903602
19	0.80472	0.19528
20	0.425967	0.574033
21	0.00116835	0.998832
22	0.0011846	0.998815
23	0.949605	0.0503947
24	7.10903e-05	0.999929
25	0.860202	0.139798
26	2.25195e-05	0.999977
27	0.715988	0.284012
28	1.83682e-08	1
29	0.978643	0.0213566
30	0.582572	0.417428
31	0.00238673	0.997613
32	0.841258	0.158742
33	0.936359	0.0636409
34	0.698621	0.301379
35	0.779029	0.220971
36	0.0142701	0.98573
37	0.063577	0.936423
38	0.691902	0.308098
39	0.00192593	0.998074
40	0.00397849	0.996022
41	0.530368	0.469632
42	0.838521	0.161479
43	0.592466	0.407534
44	0.208938	0.791062
45	0.481998	0.518002
46	0.0185928	0.981407
47	0.763971	0.236029
48	0.140756	0.859244
49	0.0767462	0.923254
50	0.557427	0.442573
51	4.43429e-06	0.999996
52	0.968748	0.0312519
53	0.933975	0.0660252
54	0.0573179	0.942682
55	0.674011	0.325989
56	0.978643	0.0213566
57	0.0364532	0.963547
58	0.936748	0.0632524
59	0.0236868	0.976313
60	0.715988	0.284012
61	0.274352	0.725648
62	0.172299	0.827701
63	0.0671695	0.93283
64	0.159619	0.840381
65	0.137587	0.862413
66	2.85983e-08	1
67	0.539198	0.460802
68	0.00066501	0.999335
69	2.88831e-05	0.999971
70	0.324003	0.675997
71	0.225171	0.774829
72	0.162408	0.837592
73	0.139592	0.860408
74	0.949605	0.0503947
75	0.024663	0.975337
76	6.45466e-05	0.999935
77	0.971592	0.0284078
78	0.786375	0.213625
79	0.733549	0.266451
80	0.970691	0.0293092
81	0.861188	0.138812
82	0.766947	0.233053
83	5.70095e-05	0.999943
84	0.00674823	0.993252
85	0.968433	0.0315667
86	0.968748	0.0312519
87	1.53295e-05	0.999985
88	0.766947	0.233053
89	0.931674	0.0683258
90	0.0386847	0.961315
91	0.587394	0.412606

*** RUNNING MODEL 2 (Selection) ***
######################################

>Done in 30 seconds 

Log Likelihood = -1106.44526284305;
Shared Parameters:
P1=0.375149
P2=0.708766
W_1=0.059083
W_2=3.63748
kappa=0.359612

Tree givenTree=(U68496:0.00854444,U68497:0.0296273,((U68498:0.0156621,(U68499:0.00881011,U68500:0.0375389)Node7:0.0351482)Node5:0.00890324,(U68501:0.0494732,(U68502:0.082063,(U68503:0.0833659,((((U68504:0.00687785,U68506:0.0244261)Node19:0.0195613,U68505:0.0113108)Node18:0.0129386,U68507:0.0223995)Node17:0.000307195,U68508:0.091099)Node16:0.0238527)Node14:0.0238075)Node12:0.00849216)Node10:0.0184821)Node4:0.0583812);


------------------------------------------------

dN/dS = 1.12698 (sample variance = 1.5819)

Rate[1]=  0.05908296 (weight=0.3751492)
Rate[2]=  1.00000000 (weight=0.4428730)
Rate[3]=  3.63748130 (weight=0.1819778)

------------------------------------------------

 Sites with dN/dS>1 (Posterior cutoff = 0.9)

26 (0.906378)
28 (0.999196)
66 (0.998464)
87 (0.985521)


------------------------------------------------

 Sites with dN/dS<=1 (Posterior cutoff = 0.9)

1 (0.503163)
2 (0.00045616)
3 (0.00588481)
4 (9.5899e-05)
5 (0.031594)
6 (0.000150049)
7 (0.00690881)
8 (0.0565242)
9 (0.721599)
10 (0.0959933)
11 (0.000915141)
12 (0.0105859)
13 (0.000490383)
14 (0.0397521)
15 (0.000221053)
16 (0.000221053)
17 (0.00045616)
18 (0.431884)
19 (0.0115577)
20 (0.0334424)
21 (0.245831)
22 (0.797442)
23 (0.00045616)
24 (0.582023)
25 (0.00514545)
27 (0.0292777)
29 (7.89182e-05)
30 (0.0911501)
31 (0.568305)
32 (0.00690881)
33 (0.000915141)
34 (0.00447498)
35 (0.00203005)
36 (0.104615)
37 (0.0854911)
38 (0.00535207)
39 (0.64254)
40 (0.453844)
41 (0.0117569)
42 (0.00682249)
43 (0.0833637)
44 (0.0117519)
45 (0.017382)
46 (0.428007)
47 (0.0182945)
48 (0.0251809)
49 (0.0707268)
50 (0.0105498)
51 (0.885095)
52 (0.000221053)
53 (0.000763105)
54 (0.0977795)
55 (0.00628707)
56 (7.89182e-05)
57 (0.204144)
58 (0.000722625)
59 (0.330183)
60 (0.0292777)
61 (0.0815498)
62 (0.192821)
63 (0.0767905)
64 (0.0213315)
65 (0.0272748)
67 (0.125786)
68 (0.603656)
69 (0.832237)
70 (0.055007)
71 (0.122173)
72 (0.0209689)
73 (0.27669)
74 (0.00045616)
75 (0.306074)
76 (0.67387)
77 (0.000229039)
78 (0.0149245)
79 (0.00319446)
80 (0.000150049)
81 (0.00514771)
82 (0.0176901)
83 (0.812918)
84 (0.276605)
85 (0.000195098)
86 (0.000221053)
88 (0.0176901)
89 (0.00116633)
90 (0.185552)
91 (0.0879818)


------------------------------------------------

Tabulated Posteriors for Each Site
Sites in Columns, Rate Classes in Rows
Import the following part into a data processing program
for further analysis


Rate/Site	Rate=0.059083	Rate=1	Rate=3.63748
1	2.21668e-05	0.496814	0.503163
2	0.845824	0.15372	0.00045616
3	0.717592	0.276523	0.00588481
4	0.902587	0.097317	9.5899e-05
5	0.583303	0.385103	0.031594
6	0.88777	0.112079	0.000150049
7	0.701671	0.291421	0.00690881
8	0.526219	0.417256	0.0565242
9	0.00107759	0.277324	0.721599
10	0.101467	0.80254	0.0959933
11	0.819756	0.179329	0.000915141
12	0.672172	0.317242	0.0105859
13	0.864911	0.134599	0.000490383
14	0.562821	0.397427	0.0397521
15	0.882511	0.117268	0.000221053
16	0.882511	0.117268	0.000221053
17	0.845824	0.15372	0.00045616
18	0.0333631	0.534753	0.431884
19	0.664959	0.323483	0.0115577
20	0.161275	0.805283	0.0334424
21	6.77088e-05	0.754101	0.245831
22	6.35725e-05	0.202494	0.797442
23	0.845824	0.15372	0.00045616
24	1.90963e-06	0.417975	0.582023
25	0.726292	0.268562	0.00514545
26	1.99132e-07	0.0936214	0.906378
27	0.590055	0.380667	0.0292777
28	8.54721e-14	0.00080423	0.999196
29	0.905774	0.0941476	7.89182e-05
30	0.471881	0.436969	0.0911501
31	0.000204532	0.431491	0.568305
32	0.701671	0.291421	0.00690881
33	0.819756	0.179329	0.000915141
34	0.298564	0.696961	0.00447498
35	0.358768	0.639202	0.00203005
36	0.00134988	0.894035	0.104615
37	0.0120592	0.90245	0.0854911
38	0.29658	0.698068	0.00535207
39	0.000148962	0.357311	0.64254
40	0.000261728	0.545894	0.453844
41	0.214025	0.774218	0.0117569
42	0.701083	0.292094	0.00682249
43	0.484531	0.432105	0.0833637
44	0.0307527	0.957495	0.0117519
45	0.191074	0.791544	0.017382
46	0.00343447	0.568558	0.428007
47	0.630474	0.351231	0.0182945
48	0.0225273	0.952292	0.0251809
49	0.0138465	0.915427	0.0707268
50	0.226103	0.763347	0.0105498
51	2.66297e-08	0.114905	0.885095
52	0.882511	0.117268	0.000221053
53	0.821534	0.177703	0.000763105
54	0.0112337	0.890987	0.0977795
55	0.285735	0.707978	0.00628707
56	0.905774	0.0941476	7.89182e-05
57	0.00719424	0.788662	0.204144
58	0.824422	0.174855	0.000722625
59	0.00468054	0.665136	0.330183
60	0.590055	0.380667	0.0292777
61	0.108885	0.809565	0.0815498
62	0.0693422	0.737836	0.192821
63	0.0126864	0.910523	0.0767905
64	0.0244111	0.954257	0.0213315
65	0.0219662	0.950759	0.0272748
66	2.8778e-12	0.001536	0.998464
67	0.42992	0.444294	0.125786
68	3.20317e-05	0.396312	0.603656
69	4.47836e-07	0.167762	0.832237
70	0.13016	0.814833	0.055007
71	0.0900488	0.787778	0.122173
72	0.0255139	0.953517	0.0209689
73	0.0535673	0.669743	0.27669
74	0.845824	0.15372	0.00045616
75	0.00508983	0.688836	0.306074
76	1.34779e-06	0.326129	0.67387
77	0.888629	0.111142	0.000229039
78	0.64894	0.336136	0.0149245
79	0.334874	0.661932	0.00319446
80	0.88777	0.112079	0.000150049
81	0.719713	0.275139	0.00514771
82	0.632353	0.349957	0.0176901
83	9.93997e-07	0.187081	0.812918
84	9.98139e-05	0.723295	0.276605
85	0.881054	0.118751	0.000195098
86	0.882511	0.117268	0.000221053
87	1.60236e-08	0.0144791	0.985521
88	0.632353	0.349957	0.0176901
89	0.812091	0.186742	0.00116633
90	0.00764095	0.806808	0.185552
91	0.476235	0.435783	0.0879818
