{
{0, 0.07221660004707582, 0.03899488339843341, 0.0429684016437717, 0.04102660096257323, 0.03662083661896082, 0.03701599087863091, 0.03701598925649149, 0.03662083560103895} 
{0.07221660004707582, 0, 0.06600921226049515, 0.06604923812083471, 0.06419342691468728, 0.06146033235809602, 0.06260492585818236, 0.06222801897466337, 0.0641296329152264} 
{0.03899488339843341, 0.06600921226049515, 0, 0.02087717328496753, 0.01871049195709062, 0.01072595822330522, 0.01036594397660128, 0.01108614516738697, 0.01108614605651389} 
{0.0429684016437717, 0.06604923812083471, 0.02087717328496753, 0, 0.00635596714655905, 0.02065412053307109, 0.01885101661491778, 0.01957173975737614, 0.02101526307667589} 
{0.04102660096257323, 0.06419342691468728, 0.01871049195709062, 0.00635596714655905, 0, 0.01851066813045634, 0.01743023191249235, 0.01815034904077472, 0.01959265460174977} 
{0.03662083661896082, 0.06146033235809602, 0.01072595822330522, 0.02065412053307109, 0.01851066813045634, 0, 0.01096846702103286, 0.0116816485859533, 0.01168164858557422} 
{0.03701599087863091, 0.06260492585818236, 0.01036594397660128, 0.01885101661491778, 0.01743023191249235, 0.01096846702103286, 0, 0.002815251501308862, 0.002815252684417324} 
{0.03701598925649149, 0.06222801897466337, 0.01108614516738697, 0.01957173975737614, 0.01815034904077472, 0.0116816485859533, 0.002815251501308862, 0, 0.004226850423618826} 
{0.03662083560103895, 0.0641296329152264, 0.01108614605651389, 0.02101526307667589, 0.01959265460174977, 0.01168164858557422, 0.002815252684417324, 0.004226850423618826, 0} 
}