FLIMVSPTAYHQNKDECWRG
{
{0,0,1,2,3,4,5,6,7,8,9,10,11,12,13,14,15,16,17,18}
{0,0,19,20,21,22,23,24,25,26,27,28,29,30,31,32,33,34,35,36}
{1,19,0,37,38,39,40,41,42,43,44,45,46,47,48,49,50,51,52,53}
{2,20,37,0,54,55,56,57,58,59,60,61,62,63,64,65,66,67,68,69}
{3,21,38,54,0,70,71,72,73,74,75,76,77,78,79,80,81,82,83,84}
{4,22,39,55,70,0,85,86,87,88,89,90,91,92,93,94,95,96,97,98}
{5,23,40,56,71,85,0,99,100,101,102,103,104,105,106,107,108,109,110,111}
{6,24,41,57,72,86,99,0,112,113,114,115,116,117,118,119,120,121,122,123}
{7,25,42,58,73,87,100,112,0,124,125,126,127,128,129,130,131,132,133,134}
{8,26,43,59,74,88,101,113,124,0,135,136,137,138,139,140,141,142,143,144}
{9,27,44,60,75,89,102,114,125,135,0,145,146,147,148,149,150,151,152,153}
{10,28,45,61,76,90,103,115,126,136,145,0,154,155,156,157,158,159,160,161}
{11,29,46,62,77,91,104,116,127,137,146,154,0,162,163,164,165,166,167,168}
{12,30,47,63,78,92,105,117,128,138,147,155,162,0,169,170,171,172,173,174}
{13,31,48,64,79,93,106,118,129,139,148,156,163,169,0,175,176,177,178,179}
{14,32,49,65,80,94,107,119,130,140,149,157,164,170,175,0,180,181,182,183}
{15,33,50,66,81,95,108,120,131,141,150,158,165,171,176,180,0,184,185,186}
{16,34,51,67,82,96,109,121,132,142,151,159,166,172,177,181,184,0,187,188}
{17,35,52,68,83,97,110,122,133,143,152,160,167,173,178,182,185,187,0,189}
{18,36,53,69,84,98,111,123,134,144,153,161,168,174,179,183,186,188,189,0}
}
