
{
{0,0,1,2,3,4,5,6,7,8,9,10,11,12,13,14}
{0,0,15,16,17,18,19,20,21,22,23,24,25,26,27,28}
{1,15,0,29,30,31,32,33,34,35,36,37,38,39,40,41}
{2,16,29,0,42,43,44,45,46,47,48,49,50,51,52,53}
{3,17,30,42,0,54,55,56,57,58,59,60,61,62,63,64}
{4,18,31,43,54,0,65,66,67,68,69,70,71,72,73,74}
{5,19,32,44,55,65,0,75,76,77,78,79,80,81,82,83}
{6,20,33,45,56,66,75,0,84,85,86,87,88,89,90,91}
{7,21,34,46,57,67,76,84,0,92,93,94,95,96,97,98}
{8,22,35,47,58,68,77,85,92,0,99,100,101,102,103,104}
{9,23,36,48,59,69,78,86,93,99,0,105,106,107,108,109}
{10,24,37,49,60,70,79,87,94,100,105,0,110,111,112,113}
{11,25,38,50,61,71,80,88,95,101,106,110,0,114,115,116}
{12,26,39,51,62,72,81,89,96,102,107,111,114,0,117,118}
{13,27,40,52,63,73,82,90,97,103,108,112,115,117,0,119}
{14,28,41,53,64,74,83,91,98,104,109,113,116,118,119,0}
}
