ACDEFGHIKLMNPQRSTVWY

{{             0,   0.049094712,     1.2987859,     1.6291158,    0.17509295,    0.54716271,  0.0014641764,  0.0014641764,    0.17358807,   0.046923924,  0.0014641764,    0.18082842,    0.29570799,  0.0014641764,   0.021810606,     2.5166849,     7.0696878,     7.2650675,  0.0014641764,  0.0014641764}
{   0.049094712,             0,  0.0014641764,  0.0014641764,     0.1062872,   0.014343013,  0.0014641764,  0.0014641764,  0.0014641764,  0.0014641764,  0.0014641764,   0.017714543,  0.0014641764,  0.0014641764,    0.83857481,    0.32854654,  0.0014641764,  0.0014641764,     1.6102836,     2.4446914}
{     1.2987859,  0.0014641764,             0,     3.5501299,  0.0014641764,     3.0445791,    0.67873067,   0.042497426,    0.26188639,  0.0014641764,  0.0014641764,     8.6119047,  0.0014641764,  0.0014641764,   0.019752881,    0.12529865,    0.18460189,    0.85445233,  0.0014641764,    0.66811539}
{     1.6291158,  0.0014641764,     3.5501299,             0,  0.0014641764,     4.3281346,  0.0014641764,   0.011435569,     7.0170946,   0.038021439,  0.0014641764,   0.059013922,  0.0014641764,    0.93899388,  0.0073686726,  0.0014641764,    0.13433613,    0.64409704,  0.0014641764,  0.0014641764}
{    0.17509295,     0.1062872,  0.0014641764,  0.0014641764,             0,  0.0014641764,  0.0014641764,    0.43423957,  0.0014641764,     2.1926949,  0.0014641764,  0.0014641764,   0.010022346,  0.0014641764,  0.0014641764,     1.2531563,   0.033533153,    0.66766443,  0.0014641764,     1.2086132}
{    0.54716271,   0.014343013,     3.0445791,     4.3281346,  0.0014641764,             0,  0.0014641764,  0.0014641764,   0.081825497,   0.014343013,   0.014343013,   0.017714543,  0.0014641764,   0.017714543,     3.9350911,      1.838906,   0.014343013,    0.81883185,    0.82749392,  0.0014641764}
{  0.0014641764,  0.0014641764,    0.67873067,  0.0014641764,  0.0014641764,  0.0014641764,             0,  0.0014641764,   0.065612672,    0.51650871,  0.0014641764,     2.5180202,     4.0834122,     5.4310694,     2.0041793,    0.21235155,    0.28099302,    0.24231504,  0.0014641764,     13.906425}
{  0.0014641764,  0.0014641764,   0.042497426,   0.011435569,    0.43423957,  0.0014641764,  0.0014641764,             0,    0.23938727,     2.6655214,     5.0679244,    0.28903662,  0.0014641764,   0.010022346,    0.39260132,    0.21672475,     2.7419485,     7.2690793,  0.0014641764,   0.033533153}
{    0.17358807,  0.0014641764,    0.26188639,     7.0170946,  0.0014641764,   0.081825497,   0.065612672,    0.23938727,             0,  0.0014641764,     1.1993479,     3.1232346,   0.032776467,     3.8275035,     11.681111,  0.0014641764,      1.185403,   0.037501949,  0.0014641764,  0.0014641764}
{   0.046923924,  0.0014641764,  0.0014641764,   0.038021439,     2.1926949,   0.014343013,    0.51650871,     2.6655214,  0.0014641764,             0,     3.3336075,  0.0014641764,     2.8788489,     0.8464345,    0.17182315,     1.7991682,  0.0014641764,    0.86487141,    0.40127511,  0.0014641764}
{  0.0014641764,  0.0014641764,  0.0014641764,  0.0014641764,  0.0014641764,   0.014343013,  0.0014641764,     5.0679244,     1.1993479,     3.3336075,             0,   0.059013922,  0.0014641764,  0.0014641764,    0.96240899,    0.11495981,      2.170826,     4.3246792,  0.0014641764,    0.16960961}
{    0.18082842,   0.017714543,     8.6119047,   0.059013922,  0.0014641764,   0.017714543,     2.5180202,    0.28903662,     3.1232346,  0.0014641764,   0.059013922,             0,    0.10098366,    0.10016958,   0.046923924,     4.2665807,     1.3300754,   0.021810606,  0.0014641764,     1.4831375}
{    0.29570799,  0.0014641764,  0.0014641764,  0.0014641764,   0.010022346,  0.0014641764,     4.0834122,  0.0014641764,   0.032776467,     2.8788489,  0.0014641764,    0.10098366,             0,    0.89168927,    0.11851717,     4.1726098,     1.2700295,  0.0014641764,  0.0014641764,  0.0014641764}
{  0.0014641764,  0.0014641764,  0.0014641764,    0.93899388,  0.0014641764,   0.017714543,     5.4310694,   0.010022346,     3.8275035,     0.8464345,  0.0014641764,    0.10016958,    0.89168927,             0,     3.1258994,   0.046923924,   0.059472209,  0.0014641764,   0.012981329,  0.0014641764}
{   0.021810606,    0.83857481,   0.019752881,  0.0073686726,  0.0014641764,     3.9350911,     2.0041793,    0.39260132,     11.681111,    0.17182315,    0.96240899,   0.046923924,    0.11851717,     3.1258994,             0,     2.4452448,    0.27181058,   0.081825497,     1.7469498,  0.0014641764}
{     2.5166849,    0.32854654,    0.12529865,  0.0014641764,     1.2531563,      1.838906,    0.21235155,    0.21672475,  0.0014641764,     1.7991682,    0.11495981,     4.2665807,     4.1726098,   0.046923924,     2.4452448,             0,      1.856807,    0.25261054,    0.32257563,    0.27325689}
{     7.0696878,  0.0014641764,    0.18460189,    0.13433613,   0.033533153,   0.014343013,    0.28099302,     2.7419485,      1.185403,  0.0014641764,      2.170826,     1.3300754,     1.2700295,   0.059472209,    0.27181058,      1.856807,             0,  0.0014641764,  0.0014641764,    0.14366733}
{     7.2650675,  0.0014641764,    0.85445233,    0.64409704,    0.66766443,    0.81883185,    0.24231504,     7.2690793,   0.037501949,    0.86487141,     4.3246792,   0.021810606,  0.0014641764,  0.0014641764,   0.081825497,    0.25261054,  0.0014641764,             0,  0.0014641764,    0.39673909}
{  0.0014641764,     1.6102836,  0.0014641764,  0.0014641764,  0.0014641764,    0.82749392,  0.0014641764,  0.0014641764,  0.0014641764,    0.40127511,  0.0014641764,  0.0014641764,  0.0014641764,   0.012981329,     1.7469498,    0.32257563,  0.0014641764,  0.0014641764,             0,  0.0014641764}
{  0.0014641764,     2.4446914,    0.66811539,  0.0014641764,     1.2086132,  0.0014641764,     13.906425,   0.033533153,  0.0014641764,  0.0014641764,    0.16960961,     1.4831375,  0.0014641764,  0.0014641764,  0.0014641764,    0.27325689,    0.14366733,    0.39673909,  0.0014641764,             0}
}


{{     0.0377494}
{     0.0240105}
{     0.0342034}
{     0.0618606}
{     0.0422741}
{     0.0838496}
{     0.0156076}
{     0.0983641}
{     0.0641682}
{     0.0577867}
{     0.0158419}
{     0.0891129}
{     0.0458601}
{     0.0437824}
{      0.057321}
{     0.0550846}
{     0.0813774}
{     0.0515639}
{      0.019597}
{     0.0205847}
}
