ACDEFGHIKLMNPQRSTVWY

{{             0,    0.55642126,    0.80482361,     1.0432899,    0.14904141,     1.7785608,    0.26827454,    0.35769938,    0.34776329,    0.29808282,    0.53654907,    0.53654907,     1.9276022,    0.56635735,    0.57629345,     3.7558435,     4.7196446,      2.960956,   0.089424845,    0.10929703}
{    0.55642126,             0,   0.099360939,    0.04968047,    0.77501533,    0.58622954,    0.68559048,     0.1689136,   0.069552657,    0.22853016,    0.30801891,    0.33782719,    0.13910531,   0.089424845,     1.1227786,     2.2157489,    0.41731594,    0.61603782,     1.1426508,     2.0766436}
{    0.80482361,   0.099360939,             0,      7.620984,   0.039744376,     1.2916922,     1.1128425,    0.10929703,    0.25833844,   0.069552657,    0.14904141,     5.2462576,    0.14904141,     0.4868686,     0.1589775,    0.58622954,    0.37757157,    0.30801891,   0.039744376,    0.45706032}
{     1.0432899,    0.04968047,      7.620984,             0,    0.04968047,     1.1823952,    0.25833844,    0.11923313,      1.798433,   0.089424845,    0.17884969,    0.57629345,    0.17884969,     3.2093583,    0.28814672,    0.29808282,    0.31795501,    0.44712423,   0.099360939,   0.069552657}
{    0.14904141,    0.77501533,   0.039744376,    0.04968047,             0,    0.04968047,    0.39744376,    0.88431236,   0.039744376,     2.4641513,    0.42725204,   0.099360939,     0.1689136,   0.039744376,    0.04968047,    0.91412064,    0.11923313,    0.61603782,    0.52661298,     5.3257463}
{     1.7785608,    0.58622954,     1.2916922,     1.1823952,    0.04968047,             0,    0.22853016,   0.059616563,    0.26827454,   0.059616563,    0.13910531,    0.80482361,    0.23846625,    0.25833844,     1.3612449,     1.9971549,     0.3278911,    0.46699641,    0.54648517,   0.079488751}
{    0.26827454,    0.68559048,     1.1128425,    0.25833844,    0.39744376,    0.22853016,             0,     0.1589775,    0.44712423,    0.55642126,     0.3278911,     3.8850127,     1.1426508,     5.9318481,     3.2590388,    0.72533486,    0.45706032,    0.10929703,   0.079488751,     5.6933818}
{    0.35769938,     0.1689136,    0.10929703,    0.11923313,    0.88431236,   0.059616563,     0.1589775,             0,    0.20865797,     2.2753655,      4.759389,    0.46699641,   0.099360939,   0.089424845,    0.21859407,    0.39744376,      2.434343,     9.5485863,   0.089424845,    0.31795501}
{    0.34776329,   0.069552657,    0.25833844,      1.798433,   0.039744376,    0.26827454,    0.44712423,    0.20865797,             0,    0.13910531,     0.6458461,     2.6131927,    0.20865797,     2.9013394,     6.4187167,    0.46699641,     1.0234177,    0.13910531,   0.099360939,   0.079488751}
{    0.29808282,    0.22853016,   0.069552657,   0.089424845,     2.4641513,   0.059616563,    0.55642126,     2.2753655,    0.13910531,             0,     3.8552044,    0.11923313,     1.0134816,    0.71539876,    0.37757157,    0.58622954,    0.24840235,     1.7884969,    0.51667688,    0.23846625}
{    0.53654907,    0.30801891,    0.14904141,    0.17884969,    0.42725204,    0.13910531,     0.3278911,      4.759389,     0.6458461,     3.8552044,             0,    0.29808282,     0.1589775,    0.42725204,    0.43718813,    0.28814672,     2.2455572,     3.2093583,    0.23846625,    0.17884969}
{    0.53654907,    0.33782719,     5.2462576,    0.57629345,   0.099360939,    0.80482361,     3.8850127,    0.46699641,     2.6131927,    0.11923313,    0.29808282,             0,    0.14904141,    0.85450408,    0.44712423,     4.9978552,     2.3051738,     0.1589775,   0.079488751,    0.69552657}
{     1.9276022,    0.13910531,    0.14904141,    0.17884969,     0.1689136,    0.23846625,     1.1426508,   0.099360939,    0.20865797,     1.0134816,     0.1589775,    0.14904141,             0,     1.6295194,    0.73527095,     2.8317868,     1.1724591,    0.22853016,   0.059616563,   0.099360939}
{    0.56635735,   0.089424845,     0.4868686,     3.2093583,   0.039744376,    0.25833844,     5.9318481,   0.089424845,     2.9013394,    0.71539876,    0.42725204,    0.85450408,     1.6295194,             0,     3.0801891,    0.52661298,    0.50674079,    0.19872188,    0.17884969,    0.23846625}
{    0.57629345,     1.1227786,     0.1589775,    0.28814672,    0.04968047,     1.3612449,     3.2590388,    0.21859407,     6.4187167,    0.37757157,    0.43718813,    0.44712423,    0.73527095,     3.0801891,             0,     1.0035455,    0.63591001,     0.1689136,     1.2519478,    0.19872188}
{     3.7558435,     2.2157489,    0.58622954,    0.29808282,    0.91412064,     1.9971549,    0.72533486,    0.39744376,    0.46699641,    0.58622954,    0.28814672,     4.9978552,     2.8317868,    0.52661298,     1.0035455,             0,     4.7395168,    0.37757157,    0.34776329,    0.62597392}
{     4.7196446,    0.41731594,    0.37757157,    0.31795501,    0.11923313,     0.3278911,    0.45706032,      2.434343,     1.0234177,    0.24840235,     2.2455572,     2.3051738,     1.1724591,    0.50674079,    0.63591001,     4.7395168,             0,     1.1128425,    0.11923313,    0.20865797}
{      2.960956,    0.61603782,    0.30801891,    0.44712423,    0.61603782,    0.46699641,    0.10929703,     9.5485863,    0.13910531,     1.7884969,     3.2093583,     0.1589775,    0.22853016,    0.19872188,     0.1689136,    0.37757157,     1.1128425,             0,    0.24840235,     0.1589775}
{   0.089424845,     1.1426508,   0.039744376,   0.099360939,    0.52661298,    0.54648517,   0.079488751,   0.089424845,   0.099360939,    0.51667688,    0.23846625,   0.079488751,   0.059616563,    0.17884969,     1.2519478,    0.34776329,    0.11923313,    0.24840235,             0,    0.70546267}
{    0.10929703,     2.0766436,    0.45706032,   0.069552657,     5.3257463,   0.079488751,     5.6933818,    0.31795501,   0.079488751,    0.23846625,    0.17884969,    0.69552657,   0.099360939,    0.23846625,    0.19872188,    0.62597392,    0.20865797,     0.1589775,    0.70546267,             0}
}


{{      0.076748}
{      0.019803}
{      0.051544}
{       0.06183}
{      0.040126}
{      0.073152}
{      0.022944}
{      0.053761}
{      0.058676}
{      0.091904}
{      0.023826}
{      0.042645}
{      0.050901}
{      0.040752}
{      0.051691}
{      0.068765}
{      0.058565}
{      0.066005}
{      0.014261}
{      0.032102}
}
