ACDEFGHIKLMNPQRSTVWY

{{             0,     1.0778935,    0.77559021,     1.6612245,    0.22091657,     1.4868683,     0.3326492,    0.20290785,    0.95113883,    0.41761915,    0.93773799,    0.53509197,     1.5097789,    0.95358645,    0.57888169,     3.5376947,     2.2261372,     2.1053381,    0.11873463,    0.25265511}
{     1.0778935,             0,   0.031794957,   0.022409254,    0.41772815,    0.32185884,    0.26129975,     0.1785591,   0.077699735,    0.40331655,    0.40981713,    0.27839019,    0.11482107,    0.10371096,    0.55434597,     1.4773619,     0.5383852,     1.0517623,    0.75257724,    0.57076257}
{    0.77559021,   0.031794957,             0,     6.4798665,   0.049044345,    0.90844245,    0.97675797,   0.041389651,    0.50361636,   0.089003736,    0.10889127,     5.6982448,    0.44497904,    0.64732272,     0.1545978,     1.1248278,    0.39342696,    0.15987786,    0.13619238,    0.34183853}
{     1.6612245,   0.022409254,     6.4798665,             0,   0.085151286,    0.59582679,    0.59825129,    0.13370313,     2.7123989,    0.16190137,    0.33072678,    0.99409945,    0.71614032,     5.7402938,    0.46090348,    0.73984364,    0.86350325,    0.61788185,    0.16430903,    0.20602304}
{    0.22091657,    0.41772815,   0.049044345,   0.085151286,             0,   0.052403307,    0.71300894,      1.111929,   0.093234727,     2.2199042,      1.249584,    0.10092344,    0.16943781,    0.10486838,    0.10779661,    0.57296246,     0.1804148,    0.68207174,     1.6053816,     6.7738789}
{     1.4868683,    0.32185884,    0.90844245,    0.59582679,   0.052403307,             0,    0.26175955,   0.031957835,    0.39205615,   0.064339199,    0.18272072,     1.1812916,    0.25563024,    0.34639356,    0.61361419,     1.4082602,    0.23701508,    0.19651859,    0.35367038,    0.10873405}
{     0.3326492,    0.26129975,    0.97675797,    0.59825129,    0.71300894,    0.26175955,             0,    0.14503257,    0.93452073,    0.52419162,    0.42415275,     4.1521776,    0.73067082,     4.5067366,       2.24297,    0.77681898,    0.49674253,     0.1242185,    0.27556997,      4.065239}
{    0.20290785,     0.1785591,   0.041389651,    0.13370313,      1.111929,   0.031957835,    0.14503257,             0,    0.33986656,     3.3279784,      4.468255,    0.58167944,    0.10487664,    0.11955777,    0.19623717,    0.33525868,     1.5303607,     8.2085642,    0.22300415,    0.44097564}
{    0.95113883,   0.077699735,    0.50361636,     2.7123989,   0.093234727,    0.39205615,    0.93452073,    0.33986656,             0,    0.27030774,    0.98053676,     3.1611501,     0.5844706,     4.0877664,      5.616393,     1.0150182,     1.4556569,    0.32055773,    0.14431347,     0.1398625}
{    0.41761915,    0.40331655,   0.089003736,    0.16190137,     2.2199042,   0.064339199,    0.52419162,     3.3279784,    0.27030774,             0,      5.094365,    0.13804048,    0.43643382,    0.91254165,    0.52231213,    0.36180931,    0.34279314,     1.8894846,    0.69825052,    0.41835575}
{    0.93773799,    0.40981713,    0.10889127,    0.33072678,      1.249584,    0.18272072,    0.42415275,      4.468255,    0.98053676,      5.094365,             0,    0.20803598,    0.17981231,     1.6217751,    0.71698922,    0.51836158,     1.5911913,      2.160375,    0.54124242,    0.44964968}
{    0.53509197,    0.27839019,     5.6982448,    0.99409945,    0.10092344,     1.1812916,     4.1521776,    0.58167944,     3.1611501,    0.13804048,    0.20803598,             0,    0.20474044,      1.620074,    0.66680464,     4.1710055,     2.1305774,    0.20596326,   0.075477713,     1.1397745}
{     1.5097789,    0.11482107,    0.44497904,    0.71614032,    0.16943781,    0.25563024,    0.73067082,    0.10487664,     0.5844706,    0.43643382,    0.17981231,    0.20474044,             0,    0.97958876,    0.71313446,     1.6931625,    0.83476594,    0.33047904,    0.14630758,    0.22674363}
{    0.95358645,    0.10371096,    0.64732272,     5.7402938,    0.10486838,    0.34639356,     4.5067366,    0.11955777,     4.0877664,    0.91254165,     1.6217751,      1.620074,    0.97958876,             0,     3.1858014,     1.0798159,    0.90040922,    0.31619891,    0.22641927,    0.23898507}
{    0.57888169,    0.55434597,     0.1545978,    0.46090348,    0.10779661,    0.61361419,       2.24297,    0.19623717,      5.616393,    0.52231213,    0.71698922,    0.66680464,    0.71313446,     3.1858014,             0,     1.2848054,    0.58186442,    0.26431948,     1.2215503,      0.400423}
{     3.5376947,     1.4773619,     1.1248278,    0.73984364,    0.57296246,     1.4082602,    0.77681898,    0.33525868,     1.0150182,    0.36180931,    0.51836158,     4.1710055,     1.6931625,     1.0798159,     1.2848054,             0,     4.5947982,    0.24426315,    0.54967533,    0.82595977}
{     2.2261372,     0.5383852,    0.39342696,    0.86350325,     0.1804148,    0.23701508,    0.49674253,     1.5303607,     1.4556569,    0.34279314,     1.5911913,     2.1305774,    0.83476594,    0.90040922,    0.58186442,     4.5947982,             0,     1.4569683,     0.1163534,    0.30556412}
{     2.1053381,     1.0517623,    0.15987786,    0.61788185,    0.68207174,    0.19651859,     0.1242185,     8.2085642,    0.32055773,     1.8894846,      2.160375,    0.20596326,    0.33047904,    0.31619891,    0.26431948,    0.24426315,     1.4569683,             0,    0.38346139,    0.33031388}
{    0.11873463,    0.75257724,    0.13619238,    0.16430903,     1.6053816,    0.35367038,    0.27556997,    0.22300415,    0.14431347,    0.69825052,    0.54124242,   0.075477713,    0.14630758,    0.22641927,     1.2215503,    0.54967533,     0.1163534,    0.38346139,             0,     2.6084557}
{    0.25265511,    0.57076257,    0.34183853,    0.20602304,     6.7738789,    0.10873405,      4.065239,    0.44097564,     0.1398625,    0.41835575,    0.44964968,     1.1397745,    0.22674363,    0.23898507,      0.400423,    0.82595977,    0.30556412,    0.33031388,     2.6084557,             0}
}


{{     0.0866279}
{     0.0193078}
{     0.0570451}
{     0.0580589}
{     0.0384319}
{     0.0832518}
{     0.0244313}
{      0.048466}
{     0.0620286}
{      0.086209}
{     0.0195027}
{     0.0390894}
{     0.0457631}
{     0.0367281}
{      0.043972}
{     0.0695179}
{     0.0610127}
{     0.0708956}
{     0.0143859}
{     0.0352742}
}
