ACDEFGHIKLMNPQRSTVWY
{{             0,     1.2816975,    0.33527215,    0.95600458,    0.13027718,     1.2740342,     0.1264455,    0.27779692,    0.45213844,    0.37742065,    0.35443056,    0.43489587,    0.93876201,    0.30078701,    0.20116329,     4.6746517,     2.5672267,     1.8545339,   0.026821772,    0.10728709}
{     1.2816975,             0,   0.019158408,   0.019158408,     1.3909005,    0.58049978,    0.84488581,    0.53643544,   0.091960361,    0.75867297,    0.30461869,     1.0307224,    0.54601464,   0.019158408,      1.576737,      4.465825,     1.1035243,     1.1341778,    0.83339077,     2.8086227}
{    0.33527215,   0.019158408,             0,     7.0713686,   0.042148499,     0.8257274,    0.63414332,   0.019158408,    0.78932643,   0.019158408,    0.09004452,     8.4967541,    0.32569294,    0.76633634,   0.082381156,     1.1303461,    0.50961366,    0.14368806,   0.034485135,    0.53835128}
{    0.95600458,   0.019158408,     7.0713686,             0,    0.27779692,    0.72610368,    0.31036622,    0.28354444,     5.0367456,    0.15709895,    0.21649002,     2.0212121,    0.35443056,     5.9812551,    0.29120781,     1.0881976,    0.70694527,    0.38316817,    0.12069797,     0.2720494}
{    0.13027718,     1.3909005,   0.042148499,    0.27779692,             0,   0.047896021,    0.24331179,    0.86979174,    0.13794054,     2.4292862,    0.62647996,    0.18583656,   0.082381156,   0.019158408,    0.10153956,    0.93301449,    0.28354444,    0.60732155,    0.89661351,     4.5405428}
{     1.2740342,    0.58049978,     0.8257274,    0.72610368,   0.047896021,             0,   0.036400976,   0.076633634,    0.50386614,   0.038316817,   0.040232658,     1.2510441,   0.053643544,    0.25480683,    0.46554933,      1.323846,    0.17625736,    0.17434152,    0.15709895,   0.019158408}
{     0.1264455,    0.84488581,    0.63414332,    0.31036622,    0.24331179,   0.036400976,             0,   0.055559384,    0.58433146,     0.1264455,   0.019158408,     2.6917564,    0.29120781,      2.431202,     1.3698262,    0.58049978,   0.061306907,   0.047896021,    0.13219302,     3.7761223}
{    0.27779692,    0.53643544,   0.019158408,    0.28354444,    0.86979174,   0.076633634,   0.055559384,             0,    0.66096509,     3.3431423,       3.39487,    0.32186126,    0.22415338,    0.17625736,    0.26055435,    0.41382162,     1.9924745,     9.1902885,   0.080465315,    0.17050984}
{    0.45213844,   0.091960361,    0.78932643,     5.0367456,    0.13794054,    0.50386614,    0.58433146,    0.66096509,             0,     0.4176533,    0.36975728,     4.6554933,    0.57858393,     6.3471807,     8.5867987,     1.6629499,     1.7587419,    0.47704437,   0.019158408,    0.47321269}
{    0.37742065,    0.75867297,   0.019158408,    0.15709895,     2.4292862,   0.038316817,     0.1264455,     3.3431423,     0.4176533,             0,      2.588301,    0.21649002,    0.41956914,    0.54793048,    0.38891569,    0.98857388,    0.29887117,     1.6572023,    0.30461869,    0.36209392}
{    0.35443056,    0.30461869,    0.09004452,    0.21649002,    0.62647996,   0.040232658,   0.019158408,       3.39487,    0.36975728,      2.588301,             0,    0.11686629,    0.19158408,    0.38699985,    0.23948011,     0.1781732,     1.2357173,     0.9100244,    0.16476231,    0.41190578}
{    0.43489587,     1.0307224,     8.4967541,     2.0212121,    0.18583656,     1.2510441,     2.6917564,    0.32186126,     4.6554933,    0.21649002,    0.11686629,             0,    0.33144047,     1.4713658,    0.68395518,     3.9945282,     2.6687663,    0.15901479,   0.076633634,      1.444544}
{    0.93876201,    0.54601464,    0.32569294,    0.35443056,   0.082381156,   0.053643544,    0.29120781,    0.22415338,    0.57858393,    0.41956914,    0.19158408,    0.33144047,             0,    0.61881659,    0.16667815,     2.3028407,    0.49811862,    0.23373258,   0.093876201,    0.18583656}
{    0.30078701,   0.019158408,    0.76633634,     5.9812551,   0.019158408,    0.25480683,      2.431202,    0.17625736,     6.3471807,    0.54793048,    0.38699985,     1.4713658,    0.61881659,             0,     3.3431423,    0.75867297,    0.46171764,    0.10345541,    0.10153956,    0.74909377}
{    0.20116329,      1.576737,   0.082381156,    0.29120781,    0.10153956,    0.46554933,     1.3698262,    0.26055435,     8.5867987,    0.38891569,    0.23948011,    0.68395518,    0.16667815,     3.3431423,             0,    0.73759872,    0.60157402,    0.17625736,    0.44064339,    0.61881659}
{     4.6746517,      4.465825,     1.1303461,     1.0881976,    0.93301449,      1.323846,    0.58049978,    0.41382162,     1.6629499,    0.98857388,     0.1781732,     3.9945282,     2.3028407,    0.75867297,    0.73759872,             0,     4.1209737,    0.31994542,    0.13985638,     1.0000689}
{     2.5672267,     1.1035243,    0.50961366,    0.70694527,    0.28354444,    0.17625736,   0.061306907,     1.9924745,     1.7587419,    0.29887117,     1.2357173,     2.6687663,    0.49811862,    0.46171764,    0.60157402,     4.1209737,             0,      1.456039,   0.055559384,     0.1360247}
{     1.8545339,     1.1341778,    0.14368806,    0.38316817,    0.60732155,    0.17434152,   0.047896021,     9.1902885,    0.47704437,     1.6572023,     0.9100244,    0.15901479,    0.23373258,    0.10345541,    0.17625736,    0.31994542,      1.456039,             0,   0.019158408,    0.22798506}
{   0.026821772,    0.83339077,   0.034485135,    0.12069797,    0.89661351,    0.15709895,    0.13219302,   0.080465315,   0.019158408,    0.30461869,    0.16476231,   0.076633634,   0.093876201,    0.10153956,    0.44064339,    0.13985638,   0.055559384,   0.019158408,             0,    0.66288093}
{    0.10728709,     2.8086227,    0.53835128,     0.2720494,     4.5405428,   0.019158408,     3.7761223,    0.17050984,    0.47321269,    0.36209392,    0.41190578,      1.444544,    0.18583656,    0.74909377,    0.61881659,     1.0000689,     0.1360247,    0.22798506,    0.66288093,             0}
}

{{         0.076}
{         0.009}
{         0.037}
{         0.049}
{         0.051}
{         0.084}
{         0.025}
{         0.081}
{          0.05}
{         0.101}
{         0.022}
{         0.041}
{         0.043}
{         0.038}
{         0.062}
{         0.062}
{         0.054}
{         0.066}
{         0.018}
{         0.031}
}
