ACDEFGHIKLMNPQRSTVWY

{
{                 0,     0.55642220522,    0.804824975408,     1.04329163479,    0.149041662113,     1.77856383454,    0.268274991803,     0.35769998907,    0.347763878263,    0.298083324225,    0.536549983605,    0.536549983605,     1.92760549666,    0.566358316028,    0.576294426835,     3.75584988524,     4.71965263357,     2.96096102064,   0.0894249972676,    0.109297218883}
{     0.55642220522,                 0,   0.0993611080751,   0.0496805540375,    0.775016642986,    0.586230537643,    0.685591645718,    0.168913883728,   0.0695527756526,    0.228530548573,    0.308019435033,    0.337827767455,    0.139105551305,   0.0894249972676,     1.12278052125,     2.21575271007,    0.417316653915,    0.616038870065,     1.14265274286,     2.07664715877}
{    0.804824975408,   0.0993611080751,                 0,     7.62099698936,     0.03974444323,     1.29169440498,     1.11284441044,    0.109297218883,    0.258338880995,   0.0695527756526,    0.149041662113,     5.24626650636,    0.149041662113,    0.486869429568,     0.15897777292,    0.586230537643,    0.377572210685,    0.308019435033,     0.03974444323,    0.457061097145}
{     1.04329163479,   0.0496805540375,     7.62099698936,                 0,   0.0496805540375,     1.18239718609,    0.258338880995,     0.11923332969,     1.79843605616,   0.0894249972676,    0.178849994535,    0.576294426835,    0.178849994535,     3.20936379082,    0.288147213418,    0.298083324225,     0.31795554584,    0.447124986338,   0.0993611080751,   0.0695527756526}
{    0.149041662113,    0.775016642986,     0.03974444323,   0.0496805540375,                 0,   0.0496805540375,      0.3974444323,    0.884313861868,     0.03974444323,     2.46415548026,    0.427252764723,   0.0993611080751,    0.168913883728,     0.03974444323,   0.0496805540375,    0.914122194291,     0.11923332969,    0.616038870065,    0.526613872798,     5.32575539282}
{     1.77856383454,    0.586230537643,     1.29169440498,     1.18239718609,   0.0496805540375,                 0,    0.228530548573,    0.059616664845,    0.268274991803,    0.059616664845,    0.139105551305,    0.804824975408,     0.23846665938,    0.258338880995,     1.36124718063,     1.99715827231,    0.327891656648,    0.466997207953,    0.546486094413,   0.0794888864601}
{    0.268274991803,    0.685591645718,     1.11284441044,    0.258338880995,      0.3974444323,    0.228530548573,                 0,     0.15897777292,    0.447124986338,     0.55642220522,    0.327891656648,     3.88501932574,     1.14265274286,     5.93185815208,     3.25904434486,    0.725336088948,    0.457061097145,    0.109297218883,   0.0794888864601,      5.6933914927}
{     0.35769998907,    0.168913883728,    0.109297218883,     0.11923332969,    0.884313861868,    0.059616664845,     0.15897777292,                 0,    0.208658326958,     2.27536937492,      4.7593970768,    0.466997207953,   0.0993611080751,   0.0894249972676,    0.218594437765,      0.3974444323,     2.43434714784,     9.54860248601,   0.0894249972676,     0.31795554584}
{    0.347763878263,   0.0695527756526,    0.258338880995,     1.79843605616,     0.03974444323,    0.268274991803,    0.447124986338,    0.208658326958,                 0,    0.139105551305,    0.645847202488,     2.61319714237,    0.208658326958,     2.90134435579,     6.41872758165,    0.466997207953,     1.02341941317,    0.139105551305,   0.0993611080751,   0.0794888864601}
{    0.298083324225,    0.228530548573,   0.0695527756526,   0.0894249972676,     2.46415548026,    0.059616664845,     0.55642220522,     2.27536937492,    0.139105551305,                 0,     3.85521099331,     0.11923332969,     1.01348330237,    0.715399978141,    0.377572210685,    0.586230537643,    0.248402770188,     1.78849994535,     0.51667776199,     0.23846665938}
{    0.536549983605,    0.308019435033,    0.149041662113,    0.178849994535,    0.427252764723,    0.139105551305,    0.327891656648,      4.7593970768,    0.645847202488,     3.85521099331,                 0,    0.298083324225,     0.15897777292,    0.427252764723,     0.43718887553,    0.288147213418,      2.2455610425,     3.20936379082,     0.23846665938,    0.178849994535}
{    0.536549983605,    0.337827767455,     5.24626650636,    0.576294426835,   0.0993611080751,    0.804824975408,     3.88501932574,    0.466997207953,     2.61319714237,     0.11923332969,    0.298083324225,                 0,    0.149041662113,    0.854505529446,    0.447124986338,     4.99786373618,     2.30517770734,     0.15897777292,   0.0794888864601,    0.695527756526}
{     1.92760549666,    0.139105551305,    0.149041662113,    0.178849994535,    0.168913883728,     0.23846665938,     1.14265274286,   0.0993611080751,    0.208658326958,     1.01348330237,     0.15897777292,    0.149041662113,                 0,     1.62952217243,    0.735272199756,     2.83179158014,     1.17246107529,    0.228530548573,    0.059616664845,   0.0993611080751}
{    0.566358316028,   0.0894249972676,    0.486869429568,     3.20936379082,     0.03974444323,    0.258338880995,     5.93185815208,   0.0894249972676,     2.90134435579,    0.715399978141,    0.427252764723,    0.854505529446,     1.62952217243,                 0,     3.08019435033,    0.526613872798,    0.506741651183,     0.19872221615,    0.178849994535,     0.23846665938}
{    0.576294426835,     1.12278052125,     0.15897777292,    0.288147213418,   0.0496805540375,     1.36124718063,     3.25904434486,    0.218594437765,     6.41872758165,    0.377572210685,     0.43718887553,    0.447124986338,    0.735272199756,     3.08019435033,                 0,     1.00354719156,     0.63591109168,    0.168913883728,     1.25194996175,     0.19872221615}
{     3.75584988524,     2.21575271007,    0.586230537643,    0.298083324225,    0.914122194291,     1.99715827231,    0.725336088948,      0.3974444323,    0.466997207953,    0.586230537643,    0.288147213418,     4.99786373618,     2.83179158014,    0.526613872798,     1.00354719156,                 0,     4.73952485518,    0.377572210685,    0.347763878263,    0.625974980873}
{     4.71965263357,    0.417316653915,    0.377572210685,     0.31795554584,     0.11923332969,    0.327891656648,    0.457061097145,     2.43434714784,     1.02341941317,    0.248402770188,      2.2455610425,     2.30517770734,     1.17246107529,    0.506741651183,     0.63591109168,     4.73952485518,                 0,     1.11284441044,     0.11923332969,    0.208658326958}
{     2.96096102064,    0.616038870065,    0.308019435033,    0.447124986338,    0.616038870065,    0.466997207953,    0.109297218883,     9.54860248601,    0.139105551305,     1.78849994535,     3.20936379082,     0.15897777292,    0.228530548573,     0.19872221615,    0.168913883728,    0.377572210685,     1.11284441044,                 0,    0.248402770188,     0.15897777292}
{   0.0894249972676,     1.14265274286,     0.03974444323,   0.0993611080751,    0.526613872798,    0.546486094413,   0.0794888864601,   0.0894249972676,   0.0993611080751,     0.51667776199,     0.23846665938,   0.0794888864601,    0.059616664845,    0.178849994535,     1.25194996175,    0.347763878263,     0.11923332969,    0.248402770188,                 0,    0.705463867333}
{    0.109297218883,     2.07664715877,    0.457061097145,   0.0695527756526,     5.32575539282,   0.0794888864601,      5.6933914927,     0.31795554584,   0.0794888864601,     0.23846665938,    0.178849994535,    0.695527756526,   0.0993611080751,     0.23846665938,     0.19872221615,    0.625974980873,    0.208658326958,     0.15897777292,    0.705463867333,                 0}
}

{
{          0.076748}
{          0.019803}
{          0.051544}
{           0.06183}
{          0.040126}
{          0.073152}
{          0.022944}
{          0.053761}
{          0.058676}
{          0.091904}
{          0.023826}
{          0.042645}
{          0.050901}
{          0.040752}
{          0.051691}
{          0.068765}
{          0.058565}
{          0.066005}
{          0.014261}
{          0.032102}
}
