{
{0,-3.393820842134687e-07,-6.375554477688894e-07,-8.907562668580837e-07,-1.094725804340335e-06,-2.028967155512082,-0.5572525570598992,-1.014484366021713,-1.413598203048316e-06,-0.2857712000989017,-0.8287337843854353,-1.271676856789708,-1.900370338338977,-0.4715209888767928,-1.971812628137546,-1.314541971239933,-3.929336089850321,-0.1857511673138668,-0.9287528458482001,-1.057349341603808}
{3.393820842134687e-07,0,-2.981733635554207e-07,-5.51374182644615e-07,-7.553437201268665e-07,-2.028966816129998,-0.557252217677815,-1.014484026639629,-1.074216118834848e-06,-0.2857708607168175,-0.8287334450033511,-1.271676517407624,-1.900369998956893,-0.4715206494947086,-1.971812288755462,-1.314541631857849,-3.929335750468237,-0.1857508279317825,-0.9287525064661158,-1.057349002221723}
{6.375554477688894e-07,2.981733635554207e-07,0,-2.532008190891943e-07,-4.571703565714458e-07,-2.028966517956635,-0.5572519195044514,-1.014483728466266,-7.760427552794269e-07,-0.2857705625434539,-0.8287331468299876,-1.27167621923426,-1.900369700783529,-0.4715203513213451,-1.971811990582098,-1.314541333684485,-3.929335452294873,-0.185750529758419,-0.9287522082927523,-1.05734870404836}
{8.907562668580837e-07,5.51374182644615e-07,2.532008190891943e-07,0,-2.039695374822514e-07,-2.028966264755815,-0.5572516663036323,-1.014483475265446,-5.228419361902326e-07,-0.2857703093426348,-0.8287328936291685,-1.271675966033441,-1.90036944758271,-0.471520098120526,-1.971811737381279,-1.314541080483666,-3.929335199094054,-0.1857502765575999,-0.9287519550919332,-1.057348450847541}
{1.094725804340335e-06,7.553437201268665e-07,4.571703565714458e-07,2.039695374822514e-07,0,-2.028966060786278,-0.5572514623340948,-1.014483271295909,-3.188723987079811e-07,-0.2857701053730973,-0.828732689659631,-1.271675762063904,-1.900369243613173,-0.4715198941509885,-1.971811533411742,-1.314540876514129,-3.929334995124517,-0.1857500725880624,-0.9287517511223957,-1.057348246878003}
{2.028967155512082,2.028966816129998,2.028966517956635,2.028966264755815,2.028966060786278,0,1.471714598452183,1.014482789490369,2.028965741913879,1.743195955413181,1.200233371126647,0.757290298722374,0.1285968171731051,1.557446166635289,0.05715452737453619,0.714425184272149,-1.900368934338239,1.843215988198216,1.100214309663882,0.9716178139082745}
{0.5572525570598992,0.557252217677815,0.5572519195044514,0.5572516663036323,0.5572514623340948,-1.471714598452183,0,-0.4572318089618141,0.5572511434616961,0.2714813569609975,-0.2714812273255361,-0.714424299729809,-1.343117781279078,0.08573156818310634,-1.414560071077647,-0.7572894141800339,-3.372083532790422,0.3715013897460324,-0.3715002887883009,-0.5000967845439084}
{1.014484366021713,1.014484026639629,1.014483728466266,1.014483475265446,1.014483271295909,-1.014482789490369,0.4572318089618141,0,1.01448295242351,0.7287131659228117,0.185750581636278,-0.2571924907679949,-0.8858859723172637,0.5429633771449205,-0.9573282621158327,-0.3000576052182199,-2.914851723828608,0.8287331987078466,0.08573152017351321,-0.04286497558209432}
{1.413598203048316e-06,1.074216118834848e-06,7.760427552794269e-07,5.228419361902326e-07,3.188723987079811e-07,-2.028965741913879,-0.5572511434616961,-1.01448295242351,0,-0.2857697865006986,-0.8287323707872323,-1.271675443191505,-1.900368924740774,-0.4715195752785898,-1.971811214539343,-1.31454055764173,-3.929334676252118,-0.1857497537156637,-0.928751432249997,-1.057347928005605}
{0.2857712000989017,0.2857708607168175,0.2857705625434539,0.2857703093426348,0.2857701053730973,-1.743195955413181,-0.2714813569609975,-0.7287131659228117,0.2857697865006986,0,-0.5429625842865337,-0.9859056566908065,-1.614599138240076,-0.1857497887778912,-1.686041428038644,-1.028770771141031,-3.643564889751419,0.1000200327850349,-0.6429816457492984,-0.7715781415049059}
{0.8287337843854353,0.8287334450033511,0.8287331468299876,0.8287328936291685,0.828732689659631,-1.200233371126647,0.2714812273255361,-0.185750581636278,0.8287323707872323,0.5429625842865337,0,-0.4429430724042729,-1.071636553953542,0.3572127955086425,-1.143078843752111,-0.4858081868544978,-3.100602305464886,0.6429826170715686,-0.1000190614627648,-0.2286155572183723}
{1.271676856789708,1.271676517407624,1.27167621923426,1.271675966033441,1.271675762063904,-0.757290298722374,0.714424299729809,0.2571924907679949,1.271675443191505,0.9859056566908065,0.4429430724042729,0,-0.6286934815492689,0.8001558679129154,-0.7001357713478378,-0.04286511445022495,-2.657659233060613,1.085925689475841,0.3429240109415082,0.2143275151859006}
{1.900370338338977,1.900369998956893,1.900369700783529,1.90036944758271,1.900369243613173,-0.1285968171731051,1.343117781279078,0.8858859723172637,1.900368924740774,1.614599138240076,1.071636553953542,0.6286934815492689,0,1.428849349462184,-0.07144228979856893,0.5858283670990438,-2.028965751511344,1.71461917102511,0.971617492490777,0.8430209967351694}
{0.4715209888767928,0.4715206494947086,0.4715203513213451,0.471520098120526,0.4715198941509885,-1.557446166635289,-0.08573156818310634,-0.5429633771449205,0.4715195752785898,0.1857497887778912,-0.3572127955086425,-0.8001558679129154,-1.428849349462184,0,-1.500291639260753,-0.8430209823631403,-3.457815100973528,0.2857698215629261,-0.4572318569714072,-0.5858283527270147}
{1.971812628137546,1.971812288755462,1.971811990582098,1.971811737381279,1.971811533411742,-0.05715452737453619,1.414560071077647,0.9573282621158327,1.971811214539343,1.686041428038644,1.143078843752111,0.7001357713478378,0.07144228979856893,1.500291639260753,0,0.6572706568976128,-1.957523461712775,1.786061460823679,1.043059782289346,0.9144632865337383}
{1.314541971239933,1.314541631857849,1.314541333684485,1.314541080483666,1.314540876514129,-0.714425184272149,0.7572894141800339,0.3000576052182199,1.31454055764173,1.028770771141031,0.4858081868544978,0.04286511445022495,-0.5858283670990438,0.8430209823631403,-0.6572706568976128,0,-2.614794118610388,1.128790803926066,0.385789125391733,0.2571926296361255}
{3.929336089850321,3.929335750468237,3.929335452294873,3.929335199094054,3.929334995124517,1.900368934338239,3.372083532790422,2.914851723828608,3.929334676252118,3.643564889751419,3.100602305464886,2.657659233060613,2.028965751511344,3.457815100973528,1.957523461712775,2.614794118610388,0,3.743584922536454,3.000583244002121,2.871986748246513}
{0.1857511673138668,0.1857508279317825,0.185750529758419,0.1857502765575999,0.1857500725880624,-1.843215988198216,-0.3715013897460324,-0.8287331987078466,0.1857497537156637,-0.1000200327850349,-0.6429826170715686,-1.085925689475841,-1.71461917102511,-0.2857698215629261,-1.786061460823679,-1.128790803926066,-3.743584922536454,0,-0.7430016785343333,-0.8715981742899408}
{0.9287528458482001,0.9287525064661158,0.9287522082927523,0.9287519550919332,0.9287517511223957,-1.100214309663882,0.3715002887883009,-0.08573152017351321,0.928751432249997,0.6429816457492984,0.1000190614627648,-0.3429240109415082,-0.971617492490777,0.4572318569714072,-1.043059782289346,-0.385789125391733,-3.000583244002121,0.7430016785343333,0,-0.1285964957556075}
{1.057349341603808,1.057349002221723,1.05734870404836,1.057348450847541,1.057348246878003,-0.9716178139082745,0.5000967845439084,0.04286497558209432,1.057347928005605,0.7715781415049059,0.2286155572183723,-0.2143275151859006,-0.8430209967351694,0.5858283527270147,-0.9144632865337383,-0.2571926296361255,-2.871986748246513,0.8715981742899408,0.1285964957556075,0}
}




{
{0,0.1115032012910158,-8.799709894091734e-08,-0.185838884186984,-0.2601744574959486,-1.486710158053884,-1.040697230288078,-1.263703709336849,-1.077864929739406,-0.3716776505432602,-1.932722995767998,-1.969890729250555,-2.378735924811361,-2.267232615128872,-2.89908440956258,-2.638910118010186,-0.11150337800768,-0.07433564122746383,-1.9698907296639,-1.412374539157715}
{-0.1115032012910158,0,-0.1115032892881147,-0.2973420854779998,-0.3716776587869643,-1.5982133593449,-1.152200431579093,-1.375206910627865,-1.189368131030422,-0.4831808518342759,-2.044226197059014,-2.081393930541571,-2.490239126102376,-2.378735816419888,-3.010587610853595,-2.750413319301201,-0.2230065792986957,-0.1858388425184796,-2.081393930954916,-1.523877740448731}
{8.799709894091734e-08,0.1115032892881147,0,-0.1858387961898851,-0.2601743694988496,-1.486710070056785,-1.040697142290979,-1.26370362133975,-1.077864841742307,-0.3716775625461612,-1.932722907770899,-1.969890641253456,-2.378735836814261,-2.267232527131773,-2.89908432156548,-2.638910030013087,-0.111503290010581,-0.07433555323036489,-1.969890641666801,-1.412374451160616}
{0.185838884186984,0.2973420854779998,0.1858387961898851,0,-0.07433557330896456,-1.3008712738669,-0.8548583461010936,-1.077864825149865,-0.8920260455524223,-0.1858387663562762,-1.746884111581014,-1.784051845063571,-2.192897040624376,-2.081393730941888,-2.713245525375595,-2.453071233823202,0.07433550617930407,0.1115032429595202,-1.784051845476916,-1.226535654970731}
{0.2601744574959486,0.3716776587869643,0.2601743694988496,0.07433557330896456,0,-1.226535700557936,-0.780522772792129,-1.0035292518409,-0.8176904722434577,-0.1115031930473116,-1.67254853827205,-1.709716271754606,-2.118561467315412,-2.007058157632923,-2.638909952066631,-2.378735660514237,0.1486710794882686,0.1858388162684848,-1.709716272167951,-1.152200081661767}
{1.486710158053884,1.5982133593449,1.486710070056785,1.3008712738669,1.226535700557936,0,0.4460129277658069,0.2230064487170355,0.4088452283144781,1.115032507510624,-0.446012837714114,-0.4831805711966704,-0.892025766757476,-0.7805224570749874,-1.412374251508695,-1.152199959956302,1.375206780046204,1.412374516826421,-0.4831805716100154,0.07433561889616935}
{1.040697230288078,1.152200431579093,1.040697142290979,0.8548583461010936,0.780522772792129,-0.4460129277658069,0,-0.2230064790487714,-0.03716769945132872,0.6690195797448174,-0.8920257654799209,-0.9291934989624773,-1.338038694523283,-1.226535384840794,-1.858387179274502,-1.598212887722108,0.9291938522803976,0.9663615890606138,-0.9291934993758223,-0.3716773088696375}
{1.263703709336849,1.375206910627865,1.26370362133975,1.077864825149865,1.0035292518409,-0.2230064487170355,0.2230064790487714,0,0.1858387795974426,0.8920260587935888,-0.6690192864311495,-0.7061870199137059,-1.115032215474511,-1.003528905792023,-1.63538070022573,-1.375206408673337,1.152200331329169,1.189368068109385,-0.7061870203270509,-0.1486708298208662}
{1.077864929739406,1.189368131030422,1.077864841742307,0.8920260455524223,0.8176904722434577,-0.4088452283144781,0.03716769945132872,-0.1858387795974426,0,0.7061872791961461,-0.8548580660285922,-0.8920257995111486,-1.300870995071954,-1.189367685389465,-1.821219479823173,-1.56104518827078,0.9663615517317263,1.003529288511942,-0.8920257999244936,-0.3345096094183088}
{0.3716776505432602,0.4831808518342759,0.3716775625461612,0.1858387663562762,0.1115031930473116,-1.115032507510624,-0.6690195797448174,-0.8920260587935888,-0.7061872791961461,0,-1.561045345224738,-1.598213078707295,-2.0070582742681,-1.895554964585612,-2.527406759019319,-2.267232467466926,0.2601742725355802,0.2973420093157964,-1.59821307912064,-1.040696888614455}
{1.932722995767998,2.044226197059014,1.932722907770899,1.746884111581014,1.67254853827205,0.446012837714114,0.8920257654799209,0.6690192864311495,0.8548580660285922,1.561045345224738,0,-0.03716773348255642,-0.446012929043362,-0.3345096193608733,-0.966361413794581,-0.7061871222421875,1.821219617760319,1.858387354540535,-0.03716773389590144,0.5203484566102834}
{1.969890729250555,2.081393930541571,1.969890641253456,1.784051845063571,1.709716271754606,0.4831805711966704,0.9291934989624773,0.7061870199137059,0.8920257995111486,1.598213078707295,0.03716773348255642,0,-0.4088451955608056,-0.2973418858783169,-0.9291936803120245,-0.6690193887596311,1.858387351242875,1.895555088023091,-4.133450248744452e-10,0.5575161900928398}
{2.378735924811361,2.490239126102376,2.378735836814261,2.192897040624376,2.118561467315412,0.892025766757476,1.338038694523283,1.115032215474511,1.300870995071954,2.0070582742681,0.446012929043362,0.4088451955608056,0,0.1115033096824887,-0.520348484751219,-0.2601741931988255,2.26723254680368,2.304400283583897,0.4088451951474605,0.9663613856536453}
{2.267232615128872,2.378735816419888,2.267232527131773,2.081393730941888,2.007058157632923,0.7805224570749874,1.226535384840794,1.003528905792023,1.189367685389465,1.895554964585612,0.3345096193608733,0.2973418858783169,-0.1115033096824887,0,-0.6318517944337076,-0.3716775028813142,2.155729237121192,2.192896973901408,0.2973418854649719,0.8548580759711566}
{2.89908440956258,3.010587610853595,2.89908432156548,2.713245525375595,2.638909952066631,1.412374251508695,1.858387179274502,1.63538070022573,1.821219479823173,2.527406759019319,0.966361413794581,0.9291936803120245,0.520348484751219,0.6318517944337076,0,0.2601742915523935,2.787581031554899,2.824748768335116,0.9291936798986795,1.486709870404864}
{2.638910118010186,2.750413319301201,2.638910030013087,2.453071233823202,2.378735660514237,1.152199959956302,1.598212887722108,1.375206408673337,1.56104518827078,2.267232467466926,0.7061871222421875,0.6690193887596311,0.2601741931988255,0.3716775028813142,-0.2601742915523935,0,2.527406740002506,2.564574476782722,0.669019388346286,1.226535578852471}
{0.11150337800768,0.2230065792986957,0.111503290010581,-0.07433550617930407,-0.1486710794882686,-1.375206780046204,-0.9291938522803976,-1.152200331329169,-0.9663615517317263,-0.2601742725355802,-1.821219617760319,-1.858387351242875,-2.26723254680368,-2.155729237121192,-2.787581031554899,-2.527406740002506,0,0.03716773678021612,-1.85838735165622,-1.300871161150035}
{0.07433564122746383,0.1858388425184796,0.07433555323036489,-0.1115032429595202,-0.1858388162684848,-1.412374516826421,-0.9663615890606138,-1.189368068109385,-1.003529288511942,-0.2973420093157964,-1.858387354540535,-1.895555088023091,-2.304400283583897,-2.192896973901408,-2.824748768335116,-2.564574476782722,-0.03716773678021612,0,-1.895555088436436,-1.338038897930251}
{1.9698907296639,2.081393930954916,1.969890641666801,1.784051845476916,1.709716272167951,0.4831805716100154,0.9291934993758223,0.7061870203270509,0.8920257999244936,1.59821307912064,0.03716773389590144,4.133450248744452e-10,-0.4088451951474605,-0.2973418854649719,-0.9291936798986795,-0.669019388346286,1.85838735165622,1.895555088436436,0,0.5575161905061847}
{1.412374539157715,1.523877740448731,1.412374451160616,1.226535654970731,1.152200081661767,-0.07433561889616935,0.3716773088696375,0.1486708298208662,0.3345096094183088,1.040696888614455,-0.5203484566102834,-0.5575161900928398,-0.9663613856536453,-0.8548580759711566,-1.486709870404864,-1.226535578852471,1.300871161150035,1.338038897930251,-0.5575161905061847,0}
}




{
{0,0.4889063302948724,0.4889062726897263,0.6285938160725824,1.117500358282264,2.328126158736036,2.316485506019842,1.652969416188796,2.351407389931214,-0.09312535172789205,0.8381251112488046,1.09421906606742,1.769375806791651,0.3026559367587582,1.815938381576733,1.140781693232735,1.792657158966981,-0.8846876470864475,0.1862497118328355,3.003282977989235}
{-0.4889063302948724,0,-5.760514609765011e-08,0.13968748577771,0.6285940279873914,1.839219828441164,1.82757917572497,1.164063085893924,1.862501059636342,-0.5820316820227645,0.3492187809539322,0.6053127357725474,1.280469476496778,-0.1862503935361142,1.327032051281861,0.651875362937863,1.303750828672108,-1.37359397738132,-0.302656618462037,2.514376647694363}
{-0.4889062726897263,5.760514609765011e-08,0,0.139687543382856,0.6285940855925375,1.83921988604631,1.827579233330116,1.16406314349907,1.862501117241488,-0.5820316244176184,0.3492188385590783,0.6053127933776935,1.280469534101924,-0.1862503359309681,1.327032108887007,0.6518754205430091,1.303750886277254,-1.373593919776174,-0.3026565608568909,2.514376705299509}
{-0.6285938160725824,-0.13968748577771,-0.139687543382856,0,0.4889065422096814,1.699532342663454,1.68789168994726,1.024375600116214,1.722813573858632,-0.7217191678004744,0.2095312951762222,0.4656252499948375,1.140781990719068,-0.3259378793138241,1.187344565504151,0.512187877160153,1.164063342894398,-1.51328146315903,-0.4423441042397469,2.374689161916653}
{-1.117500358282264,-0.6285940279873914,-0.6285940855925375,-0.4889065422096814,0,1.210625800453772,1.198985147737579,0.5354690579065327,1.23390703164895,-1.210625710010156,-0.2793752470334592,-0.02328129221484396,0.6518754485093867,-0.8148444215235056,0.6984380232944692,0.02328133495047165,0.675156800684717,-2.002188005368711,-0.9312506464494283,1.885782619706971}
{-2.328126158736036,-1.839219828441164,-1.83921988604631,-1.699532342663454,-1.210625800453772,0,-0.01164065271619386,-0.6751567425472398,0.023281231195178,-2.421251510463928,-1.490001047487232,-1.233907092668616,-0.5587503519443857,-2.025470221977278,-0.5121877771593032,-1.187344465503301,-0.5354689997690555,-3.212813805822484,-2.141876446903201,0.6751568192531989}
{-2.316485506019842,-1.82757917572497,-1.827579233330116,-1.68789168994726,-1.198985147737579,0.01164065271619386,0,-0.6635160898310459,0.03492188391137185,-2.409610857747734,-1.478360394771038,-1.222266439952423,-0.5471096992281919,-2.013829569261084,-0.5005471244431093,-1.175703812787107,-0.5238283470528616,-3.20117315310629,-2.130235794187007,0.6867974719693928}
{-1.652969416188796,-1.164063085893924,-1.16406314349907,-1.024375600116214,-0.5354690579065327,0.6751567425472398,0.6635160898310459,0,0.6984379737424178,-1.746094767916688,-0.8148443049399918,-0.5587503501213766,0.1164063906028541,-1.350313479430038,0.1629689653879366,-0.5121877229560611,0.1396877427781843,-2.537657063275244,-1.466719704355961,1.350313561800439}
{-2.351407389931214,-1.862501059636342,-1.862501117241488,-1.722813573858632,-1.23390703164895,-0.023281231195178,-0.03492188391137185,-0.6984379737424178,0,-2.444532741659106,-1.51328227868241,-1.257188323863794,-0.5820315831395637,-2.048751453172456,-0.5354690083544812,-1.210625696698479,-0.5587502309642335,-3.236095037017662,-2.165157678098379,0.6518755880580209}
{0.09312535172789205,0.5820316820227645,0.5820316244176184,0.7217191678004744,1.210625710010156,2.421251510463928,2.409610857747734,1.746094767916688,2.444532741659106,0,0.9312504629766967,1.187344417795312,1.862501158519543,0.3957812884866503,1.909063733304625,1.233907044960628,1.885782510694873,-0.7915622953585555,0.2793750635607275,3.096408329717127}
{-0.8381251112488046,-0.3492187809539322,-0.3492188385590783,-0.2095312951762222,0.2793752470334592,1.490001047487232,1.478360394771038,0.8148443049399918,1.51328227868241,-0.9312504629766967,0,0.2560939548186152,0.9312506955428459,-0.5354691744900464,0.9778132703279285,0.3026565819839309,0.9545320477181762,-1.722812758335252,-0.6518753994159692,2.165157866740431}
{-1.09421906606742,-0.6053127357725474,-0.6053127933776935,-0.4656252499948375,0.02328129221484396,1.233907092668616,1.222266439952423,0.5587503501213766,1.257188323863794,-1.187344417795312,-0.2560939548186152,0,0.6751567407242307,-0.7915631293086616,0.7217193155093132,0.04656262716531562,0.6984380928995609,-1.978906713153867,-0.9079693542345844,1.909063911921815}
{-1.769375806791651,-1.280469476496778,-1.280469534101924,-1.140781990719068,-0.6518754485093867,0.5587503519443857,0.5471096992281919,-0.1164063906028541,0.5820315831395637,-1.862501158519543,-0.9312506955428459,-0.6751567407242307,0,-1.466719870032892,0.04656257478508252,-0.6285941135589151,0.02328135217533023,-2.654063453878098,-1.583126094958815,1.233907171197585}
{-0.3026559367587582,0.1862503935361142,0.1862503359309681,0.3259378793138241,0.8148444215235056,2.025470221977278,2.013829569261084,1.350313479430038,2.048751453172456,-0.3957812884866503,0.5354691744900464,0.7915631293086616,1.466719870032892,0,1.513282444817975,0.8381257564739771,1.490001222208222,-1.187343583845206,-0.1164062249259228,2.700627041230477}
{-1.815938381576733,-1.327032051281861,-1.327032108887007,-1.187344565504151,-0.6984380232944692,0.5121877771593032,0.5005471244431093,-0.1629689653879366,0.5354690083544812,-1.909063733304625,-0.9778132703279285,-0.7217193155093132,-0.04656257478508252,-1.513282444817975,0,-0.6751566883439977,-0.02328122260975229,-2.70062602866318,-1.629688669743897,1.187344596412502}
{-1.140781693232735,-0.651875362937863,-0.6518754205430091,-0.512187877160153,-0.02328133495047165,1.187344465503301,1.175703812787107,0.5121877229560611,1.210625696698479,-1.233907044960628,-0.3026565819839309,-0.04656262716531562,0.6285941135589151,-0.8381257564739771,0.6751566883439977,0,0.6518754657342454,-2.025469340319183,-0.9545319813998999,1.8625012847565}
{-1.792657158966981,-1.303750828672108,-1.303750886277254,-1.164063342894398,-0.675156800684717,0.5354689997690555,0.5238283470528616,-0.1396877427781843,0.5587502309642335,-1.885782510694873,-0.9545320477181762,-0.6984380928995609,-0.02328135217533023,-1.490001222208222,0.02328122260975229,-0.6518754657342454,0,-2.677344806053428,-1.606407447134145,1.210625819022254}
{0.8846876470864475,1.37359397738132,1.373593919776174,1.51328146315903,2.002188005368711,3.212813805822484,3.20117315310629,2.537657063275244,3.236095037017662,0.7915622953585555,1.722812758335252,1.978906713153867,2.654063453878098,1.187343583845206,2.70062602866318,2.025469340319183,2.677344806053428,0,1.070937358919283,3.887970625075683}
{-0.1862497118328355,0.302656618462037,0.3026565608568909,0.4423441042397469,0.9312506464494283,2.141876446903201,2.130235794187007,1.466719704355961,2.165157678098379,-0.2793750635607275,0.6518753994159692,0.9079693542345844,1.583126094958815,0.1164062249259228,1.629688669743897,0.9545319813998999,1.606407447134145,-1.070937358919283,0,2.817033266156399}
{-3.003282977989235,-2.514376647694363,-2.514376705299509,-2.374689161916653,-1.885782619706971,-0.6751568192531989,-0.6867974719693928,-1.350313561800439,-0.6518755880580209,-3.096408329717127,-2.165157866740431,-1.909063911921815,-1.233907171197585,-2.700627041230477,-1.187344596412502,-1.8625012847565,-1.210625819022254,-3.887970625075683,-2.817033266156399,0}
}




{
{0,-0.2830168446917243,-0.3056582009442229,-0.1471687822616149,-0.2716961649123439,-0.1132067380996698,-0.4641475819952325,-0.3849028765767559,-0.2943375009562609,-0.1018860727516711,-1.19433096466828,-0.09622573997693365,0.03962233502200896,-2.411303354256459,1.533951102667188,1.279235982399619,0.2320737860647026,-0.2320737944685611,-2.988657327050933,-0.2773564875844434}
{0.2830168446917243,0,-0.02264135625249857,0.1358480624301094,0.01132067977938037,0.1698101065920545,-0.1811307373035082,-0.1018860318850316,-0.01132065626453657,0.1811307719400533,-0.9113141199765554,0.1867911047147907,0.3226391797137333,-2.128286509564735,1.816967947358912,1.562252827091343,0.515090630756427,0.05094305022316319,-2.705640482359208,0.005660357107280911}
{0.3056582009442229,0.02264135625249857,0,0.158489418682608,0.03396203603187894,0.1924514628445531,-0.1584893810510096,-0.07924467563253304,0.01132069998796199,0.2037721281925518,-0.8886727637240569,0.2094324609672893,0.3452805359662319,-2.105645153312236,1.839609303611411,1.584894183343842,0.5377319870089255,0.07358440647566175,-2.68299912610671,0.02830171335977948}
{0.1471687822616149,-0.1358480624301094,-0.158489418682608,0,-0.124527382650729,0.03396204416194512,-0.3169787997336176,-0.237734094315141,-0.147168718694646,0.04528270950994384,-1.047162182406665,0.05094304228468127,0.1867911172836239,-2.264134571994844,1.681119884928803,1.426404764661234,0.3792425683263175,-0.08490501220694623,-2.841488544789318,-0.1301877053228285}
{0.2716961649123439,-0.01132067977938037,-0.03396203603187894,0.124527382650729,0,0.1584894268126742,-0.1924514170828885,-0.113206711664412,-0.02264133604391694,0.1698100921606729,-0.9226347997559359,0.1754704249354103,0.3113184999343529,-2.139607189344115,1.805647267579532,1.550932147311963,0.5037699509770466,0.03962237044378282,-2.716961162138589,-0.005660322672099462}
{0.1132067380996698,-0.1698101065920545,-0.1924514628445531,-0.03396204416194512,-0.1584894268126742,0,-0.3509408438955627,-0.2716961384770861,-0.1811307628565911,0.01132066534799872,-1.08112422656861,0.01698099812273615,0.1528290731216788,-2.298096616156789,1.647157840766858,1.392442720499289,0.3452805241643724,-0.1188670563688913,-2.875450588951263,-0.1641497494847736}
{0.4641475819952325,0.1811307373035082,0.1584893810510096,0.3169787997336176,0.1924514170828885,0.3509408438955627,0,0.07924470541847657,0.1698100810389716,0.3622615092435614,-0.7301833826730473,0.3679218420182989,0.5037699170172415,-1.947155772261226,1.998098684662421,1.743383564394851,0.6962213680599352,0.2320737875266713,-2.5245097450557,0.1867910944107891}
{0.3849028765767559,0.1018860318850316,0.07924467563253304,0.237734094315141,0.113206711664412,0.2716961384770861,-0.07924470541847657,0,0.09056537562049502,0.2830168038250849,-0.8094280880915239,0.2886771365998223,0.4245252115987649,-2.026400477679703,1.918853979243944,1.664138858976375,0.6169766626414586,0.1528290821081948,-2.603754450474177,0.1075463889923125}
{0.2943375009562609,0.01132065626453657,-0.01132069998796199,0.147168718694646,0.02264133604391694,0.1811307628565911,-0.1698100810389716,-0.09056537562049502,0,0.1924514282045898,-0.8999934637120189,0.1981117609793273,0.3339598359782699,-2.116965853300198,1.828288603623449,1.57357348335588,0.5264112870209635,0.06226370648769976,-2.694319826094672,0.01698101337181748}
{0.1018860727516711,-0.1811307719400533,-0.2037721281925518,-0.04528270950994384,-0.1698100921606729,-0.01132066534799872,-0.3622615092435614,-0.2830168038250849,-0.1924514282045898,0,-1.092444891916609,0.005660332774737431,0.14150840777368,-2.309417281504788,1.635837175418859,1.38112205515129,0.3339598588163737,-0.1301877217168901,-2.886771254299262,-0.1754704148327723}
{1.19433096466828,0.9113141199765554,0.8886727637240569,1.047162182406665,0.9226347997559359,1.08112422656861,0.7301833826730473,0.8094280880915239,0.8999934637120189,1.092444891916609,0,1.098105224691346,1.233953299690289,-1.216972389588179,2.728282067335468,2.473566947067899,1.426404750732982,0.9622571701997187,-1.794326362382653,0.9169744770838364}
{0.09622573997693365,-0.1867911047147907,-0.2094324609672893,-0.05094304228468127,-0.1754704249354103,-0.01698099812273615,-0.3679218420182989,-0.2886771365998223,-0.1981117609793273,-0.005660332774737431,-1.098105224691346,0,0.1358480749989426,-2.315077614279526,1.630176842644122,1.375461722376553,0.3282995260416363,-0.1358480544916275,-2.892431587073999,-0.1811307476075098}
{-0.03962233502200896,-0.3226391797137333,-0.3452805359662319,-0.1867911172836239,-0.3113184999343529,-0.1528290731216788,-0.5037699170172415,-0.4245252115987649,-0.3339598359782699,-0.14150840777368,-1.233953299690289,-0.1358480749989426,0,-2.450925689278468,1.494328767645179,1.23961364737761,0.1924514510426937,-0.2716961294905701,-3.028279662072942,-0.3169788226064524}
{2.411303354256459,2.128286509564735,2.105645153312236,2.264134571994844,2.139607189344115,2.298096616156789,1.947155772261226,2.026400477679703,2.116965853300198,2.309417281504788,1.216972389588179,2.315077614279526,2.450925689278468,0,3.945254456923647,3.690539336656078,2.643377140321162,2.179229559787898,-0.5773539727944739,2.133946866672015}
{-1.533951102667188,-1.816967947358912,-1.839609303611411,-1.681119884928803,-1.805647267579532,-1.647157840766858,-1.998098684662421,-1.918853979243944,-1.828288603623449,-1.635837175418859,-2.728282067335468,-1.630176842644122,-1.494328767645179,-3.945254456923647,0,-0.2547151202675693,-1.301877316602486,-1.766024897135749,-4.522608429718121,-1.811307590251632}
{-1.279235982399619,-1.562252827091343,-1.584894183343842,-1.426404764661234,-1.550932147311963,-1.392442720499289,-1.743383564394851,-1.664138858976375,-1.57357348335588,-1.38112205515129,-2.473566947067899,-1.375461722376553,-1.23961364737761,-3.690539336656078,0.2547151202675693,0,-1.047162196334916,-1.51130977686818,-4.267893309450551,-1.556592469984062}
{-0.2320737860647026,-0.515090630756427,-0.5377319870089255,-0.3792425683263175,-0.5037699509770466,-0.3452805241643724,-0.6962213680599352,-0.6169766626414586,-0.5264112870209635,-0.3339598588163737,-1.426404750732982,-0.3282995260416363,-0.1924514510426937,-2.643377140321162,1.301877316602486,1.047162196334916,0,-0.4641475805332638,-3.220731113115636,-0.5094302736491461}
{0.2320737944685611,-0.05094305022316319,-0.07358440647566175,0.08490501220694623,-0.03962237044378282,0.1188670563688913,-0.2320737875266713,-0.1528290821081948,-0.06226370648769976,0.1301877217168901,-0.9622571701997187,0.1358480544916275,0.2716961294905701,-2.179229559787898,1.766024897135749,1.51130977686818,0.4641475805332638,0,-2.756583532582372,-0.04528269311588228}
{2.988657327050933,2.705640482359208,2.68299912610671,2.841488544789318,2.716961162138589,2.875450588951263,2.5245097450557,2.603754450474177,2.694319826094672,2.886771254299262,1.794326362382653,2.892431587073999,3.028279662072942,0.5773539727944739,4.522608429718121,4.267893309450551,3.220731113115636,2.756583532582372,0,2.711300839466489}
{0.2773564875844434,-0.005660357107280911,-0.02830171335977948,0.1301877053228285,0.005660322672099462,0.1641497494847736,-0.1867910944107891,-0.1075463889923125,-0.01698101337181748,0.1754704148327723,-0.9169744770838364,0.1811307476075098,0.3169788226064524,-2.133946866672015,1.811307590251632,1.556592469984062,0.5094302736491461,0.04528269311588228,-2.711300839466489,0}
}




{
{0,-0.3347871402420541,-0.5691382672841141,0.3013085010413148,-0.4687022620585899,1.205234045603435,1.473063846562595,1.171755354920994,0.3347872796140969,1.372627696206954,2.008723429140831,2.109159597155772,2.109159591198414,2.243074476730188,2.109159579374921,2.109159574832968,0.1004361982300506,1.238712775050439,2.443946798611479,1.071319161192444}
{0.3347871402420541,0,-0.23435112704206,0.6360956412833689,-0.1339151218165358,1.540021185845489,1.80785098680465,1.506542495163048,0.6695744198561511,1.707414836449008,2.343510569382885,2.443946737397827,2.443946731440469,2.577861616972242,2.443946719616975,2.443946715075022,0.4352233384721047,1.573499915292493,2.778733938853533,1.406106301434498}
{0.5691382672841141,0.23435112704206,0,0.8704467683254289,0.1004360052255242,1.774372312887549,2.042202113846709,1.740893622205108,0.903925546898211,1.941765963491068,2.577861696424945,2.678297864439886,2.678297858482528,2.812212744014302,2.678297846659035,2.678297842117082,0.6695744655141647,1.807851042334553,3.013085065895593,1.640457428476558}
{-0.3013085010413148,-0.6360956412833689,-0.8704467683254289,0,-0.7700107630999047,0.9039255445621198,1.171755345521281,0.8704468538796787,0.03347877857278214,1.071319195165639,1.707414928099516,1.807851096114458,1.807851090157099,1.941765975688873,1.807851078333606,1.807851073791653,-0.2008723028112642,0.937404274009124,2.142638297570164,0.7700106601511294}
{0.4687022620585899,0.1339151218165358,-0.1004360052255242,0.7700107630999047,0,1.673936307662025,1.941766108621185,1.640457616979583,0.8034895416726868,1.841329958265544,2.477425691199421,2.577861859214362,2.577861853257004,2.711776738788778,2.577861841433511,2.577861836891558,0.5691384602886405,1.707415037109029,2.912649060670069,1.540021423251034}
{-1.205234045603435,-1.540021185845489,-1.774372312887549,-0.9039255445621198,-1.673936307662025,0,0.2678298009591608,-0.03347869068244116,-0.8704467659893377,0.1673936506035192,0.803489383537396,0.9039255515523378,0.9039255455949796,1.037840431126753,0.9039255337714865,0.9039255292295333,-1.104797847373384,0.03347872944700409,1.238712753008044,-0.1339148844109904}
{-1.473063846562595,-1.80785098680465,-2.042202113846709,-1.171755345521281,-1.941766108621185,-0.2678298009591608,0,-0.3013084916416019,-1.138276566948498,-0.1004361503556416,0.5356595825782351,0.636095750593177,0.6360957446358189,0.7700106301675924,0.6360957328123258,0.6360957282703725,-1.372627648332545,-0.2343510715121567,0.9708829520488835,-0.4017446853701512}
{-1.171755354920994,-1.506542495163048,-1.740893622205108,-0.8704468538796787,-1.640457616979583,0.03347869068244116,0.3013084916416019,0,-0.8369680753068965,0.2008723412859603,0.8369680742198371,0.9374042422347789,0.9374042362774208,1.071319121809194,0.9374042244539277,0.9374042199119744,-1.071319156690943,0.06695742012944525,1.272191443690486,-0.1004361937285492}
{-0.3347872796140969,-0.6695744198561511,-0.903925546898211,-0.03347877857278214,-0.8034895416726868,0.8704467659893377,1.138276566948498,0.8369680753068965,0,1.037840416592857,1.673936149526734,1.774372317541675,1.774372311584317,1.908287197116091,1.774372299760824,1.774372295218871,-0.2343510813840464,0.9039254954363418,2.109159518997382,0.7365318815783473}
{-1.372627696206954,-1.707414836449008,-1.941765963491068,-1.071319195165639,-1.841329958265544,-0.1673936506035192,0.1004361503556416,-0.2008723412859603,-1.037840416592857,0,0.6360957329338768,0.7365319009488186,0.7365318949914604,0.870446780523234,0.7365318831679674,0.7365318786260141,-1.272191497976903,-0.1339149211565151,1.071319102404525,-0.3013085350145095}
{-2.008723429140831,-2.343510569382885,-2.577861696424945,-1.707414928099516,-2.477425691199421,-0.803489383537396,-0.5356595825782351,-0.8369680742198371,-1.673936149526734,-0.6360957329338768,0,0.1004361680149418,0.1004361620575837,0.2343510475893572,0.1004361502340906,0.1004361456921373,-1.90828723091078,-0.7700106540903918,0.4352233694706483,-0.9374042679483864}
{-2.109159597155772,-2.443946737397827,-2.678297864439886,-1.807851096114458,-2.577861859214362,-0.9039255515523378,-0.636095750593177,-0.9374042422347789,-1.774372317541675,-0.7365319009488186,-0.1004361680149418,0,-5.957358162334003e-09,0.1339148795744154,-1.778085123582684e-08,-2.232280449376844e-08,-2.008723398925722,-0.8704468221053336,0.3347872014557065,-1.037840435963328}
{-2.109159591198414,-2.443946731440469,-2.678297858482528,-1.807851090157099,-2.577861853257004,-0.9039255455949796,-0.6360957446358189,-0.9374042362774208,-1.774372311584317,-0.7365318949914604,-0.1004361620575837,5.957358162334003e-09,0,0.1339148855317736,-1.182349307349284e-08,-1.636544633143444e-08,-2.008723392968363,-0.8704468161479755,0.3347872074130647,-1.03784043000597}
{-2.243074476730188,-2.577861616972242,-2.812212744014302,-1.941765975688873,-2.711776738788778,-1.037840431126753,-0.7700106301675924,-1.071319121809194,-1.908287197116091,-0.870446780523234,-0.2343510475893572,-0.1339148795744154,-0.1339148855317736,0,-0.1339148973552666,-0.1339149018972199,-2.142638278500137,-1.004361701679749,0.2008723218812911,-1.171755315537744}
{-2.109159579374921,-2.443946719616975,-2.678297846659035,-1.807851078333606,-2.577861841433511,-0.9039255337714865,-0.6360957328123258,-0.9374042244539277,-1.774372299760824,-0.7365318831679674,-0.1004361502340906,1.778085123582684e-08,1.182349307349284e-08,0.1339148973552666,0,-4.5419532579416e-09,-2.008723381144871,-0.8704468043244824,0.3347872192365577,-1.037840418182477}
{-2.109159574832968,-2.443946715075022,-2.678297842117082,-1.807851073791653,-2.577861836891558,-0.9039255292295333,-0.6360957282703725,-0.9374042199119744,-1.774372295218871,-0.7365318786260141,-0.1004361456921373,2.232280449376844e-08,1.636544633143444e-08,0.1339149018972199,4.5419532579416e-09,0,-2.008723376602918,-0.8704467997825291,0.334787223778511,-1.037840413640524}
{-0.1004361982300506,-0.4352233384721047,-0.6695744655141647,0.2008723028112642,-0.5691384602886405,1.104797847373384,1.372627648332545,1.071319156690943,0.2343510813840464,1.272191497976903,1.90828723091078,2.008723398925722,2.008723392968363,2.142638278500137,2.008723381144871,2.008723376602918,0,1.138276576820388,2.343510600381428,0.9708829629623936}
{-1.238712775050439,-1.573499915292493,-1.807851042334553,-0.937404274009124,-1.707415037109029,-0.03347872944700409,0.2343510715121567,-0.06695742012944525,-0.9039254954363418,0.1339149211565151,0.7700106540903918,0.8704468221053336,0.8704468161479755,1.004361701679749,0.8704468043244824,0.8704467997825291,-1.138276576820388,0,1.20523402356104,-0.1673936138579945}
{-2.443946798611479,-2.778733938853533,-3.013085065895593,-2.142638297570164,-2.912649060670069,-1.238712753008044,-0.9708829520488835,-1.272191443690486,-2.109159518997382,-1.071319102404525,-0.4352233694706483,-0.3347872014557065,-0.3347872074130647,-0.2008723218812911,-0.3347872192365577,-0.334787223778511,-2.343510600381428,-1.20523402356104,0,-1.372627637419035}
{-1.071319161192444,-1.406106301434498,-1.640457428476558,-0.7700106601511294,-1.540021423251034,0.1339148844109904,0.4017446853701512,0.1004361937285492,-0.7365318815783473,0.3013085350145095,0.9374042679483864,1.037840435963328,1.03784043000597,1.171755315537744,1.037840418182477,1.037840413640524,-0.9708829629623936,0.1673936138579945,1.372627637419035,0}
}
