ACDEFGHIKLMNPQRSTVWY
{{             0,     1.9305426,  0.0076005616,  0.0015201123,     0.0988073,     1.5201123,  0.0015201123,     0.1976146,  0.0015201123,   0.030402246,    0.91966795,  0.0015201123,    0.37242752,  0.0015201123,  0.0015201123,     5.1151779,      1.854537,     2.5841909,  0.0015201123,  0.0076005616}
{     1.9305426,             0,   0.083606177,  0.0015201123,     1.3985033,    0.61564549,   0.091206739,    0.47883538,  0.0015201123,    0.60044436,     2.3713752,    0.74485503,  0.0015201123,  0.0015201123,    0.27362022,     5.0467729,     1.3909028,     2.6601965,    0.16721235,    0.54724043}
{  0.0076005616,   0.083606177,             0,     6.5516841,  0.0015201123,   0.091206739,  0.0015201123,   0.053203931,   0.015201123,  0.0076005616,  0.0015201123,     3.8002808,  0.0015201123,  0.0015201123,   0.030402246,    0.33442471,  0.0015201123,  0.0015201123,  0.0015201123,  0.0015201123}
{  0.0015201123,  0.0015201123,     6.5516841,             0,  0.0015201123,    0.33442471,    0.11400842,   0.053203931,    0.80565953,   0.015201123,  0.0015201123,     1.3909028,   0.060804493,     1.9913471,  0.0015201123,    0.23561741,    0.32682415,    0.10640786,   0.083606177,   0.060804493}
{     0.0988073,     1.3985033,  0.0015201123,  0.0015201123,             0,  0.0076005616,    0.10640786,    0.89686627,   0.083606177,     1.9989477,     2.4473808,    0.15201123,    0.11400842,  0.0015201123,   0.038002808,    0.27362022,    0.10640786,     0.3952292,    0.41043032,     6.0196448}
{     1.5201123,    0.61564549,   0.091206739,    0.33442471,  0.0076005616,             0,  0.0015201123,   0.022801685,  0.0015201123,  0.0076005616,    0.42563145,    0.91966795,  0.0015201123,   0.022801685,  0.0015201123,     1.7177269,  0.0015201123,   0.022801685,   0.015201123,   0.068405054}
{  0.0015201123,   0.091206739,  0.0015201123,    0.11400842,    0.10640786,  0.0015201123,             0,  0.0015201123,  0.0015201123,   0.045603369,  0.0015201123,     1.3681011,  0.0076005616,     2.3865763,    0.31162302,   0.083606177,    0.14441067,  0.0015201123,  0.0015201123,     1.4517073}
{     0.1976146,    0.47883538,   0.053203931,   0.053203931,    0.89686627,   0.022801685,  0.0015201123,             0,   0.022801685,     3.9142892,     3.9142892,    0.15961179,  0.0015201123,   0.083606177,   0.015201123,   0.053203931,     1.5505146,     14.099042,  0.0015201123,   0.091206739}
{  0.0015201123,  0.0015201123,   0.015201123,    0.80565953,   0.083606177,  0.0015201123,  0.0015201123,   0.022801685,             0,   0.030402246,    0.80565953,     3.5494623,    0.12920955,      2.652596,     1.5885174,     1.0944809,    0.53203931,     0.1976146,    0.12160899,     0.8892657}
{   0.030402246,    0.60044436,  0.0076005616,   0.015201123,     1.9989477,  0.0076005616,   0.045603369,     3.9142892,   0.030402246,             0,      6.726497,     0.0988073,   0.091206739,    0.12160899,   0.015201123,   0.060804493,    0.36482696,    0.64604773,    0.15961179,    0.15201123}
{    0.91966795,     2.3713752,  0.0015201123,  0.0015201123,     2.4473808,    0.42563145,  0.0015201123,     3.9142892,    0.80565953,      6.726497,             0,    0.60044436,   0.038002808,    0.50923763,   0.038002808,     0.8512629,     2.1965623,     2.1357578,    0.53963987,    0.53963987}
{  0.0015201123,    0.74485503,     3.8002808,     1.3909028,    0.15201123,    0.91966795,     1.3681011,    0.15961179,     3.5494623,     0.0988073,    0.60044436,             0,    0.12920955,     1.9913471,  0.0015201123,     3.0250235,     1.2616932,    0.17481292,   0.060804493,      1.907741}
{    0.37242752,  0.0015201123,  0.0015201123,   0.060804493,    0.11400842,  0.0015201123,  0.0076005616,  0.0015201123,    0.12920955,   0.091206739,   0.038002808,    0.12920955,             0,     0.2964219,  0.0015201123,    0.66124886,    0.35722639,    0.24321797,  0.0015201123,    0.13681011}
{  0.0015201123,  0.0015201123,  0.0015201123,     1.9913471,  0.0015201123,   0.022801685,     2.3865763,   0.083606177,      2.652596,    0.12160899,    0.50923763,     1.9913471,     0.2964219,             0,     1.1704865,     0.3952292,    0.33442471,  0.0015201123,   0.053203931,    0.66124886}
{  0.0015201123,    0.27362022,   0.030402246,  0.0015201123,   0.038002808,  0.0015201123,    0.31162302,   0.015201123,     1.5885174,   0.015201123,   0.038002808,  0.0015201123,  0.0015201123,     1.1704865,             0,   0.022801685,  0.0015201123,  0.0015201123,  0.0015201123,   0.030402246}
{     5.1151779,     5.0467729,    0.33442471,    0.23561741,    0.27362022,     1.7177269,   0.083606177,   0.053203931,     1.0944809,   0.060804493,     0.8512629,     3.0250235,    0.66124886,     0.3952292,   0.022801685,             0,     5.0163706,    0.46363426,   0.015201123,    0.22801685}
{      1.854537,     1.3909028,  0.0015201123,    0.32682415,    0.10640786,  0.0015201123,    0.14441067,     1.5505146,    0.53203931,    0.36482696,     2.1965623,     1.2616932,    0.35722639,    0.33442471,  0.0015201123,     5.0163706,             0,     4.1347055,  0.0015201123,    0.34962583}
{     2.5841909,     2.6601965,  0.0015201123,    0.10640786,     0.3952292,   0.022801685,  0.0015201123,     14.099042,     0.1976146,    0.64604773,     2.1357578,    0.17481292,    0.24321797,  0.0015201123,  0.0015201123,    0.46363426,     4.1347055,             0,  0.0015201123,   0.015201123}
{  0.0015201123,    0.16721235,  0.0015201123,   0.083606177,    0.41043032,   0.015201123,  0.0015201123,  0.0015201123,    0.12160899,    0.15961179,    0.53963987,   0.060804493,  0.0015201123,   0.053203931,  0.0015201123,   0.015201123,  0.0015201123,  0.0015201123,             0,    0.28882134}
{  0.0076005616,    0.54724043,  0.0015201123,   0.060804493,     6.0196448,   0.068405054,     1.4517073,   0.091206739,     0.8892657,    0.15201123,    0.53963987,      1.907741,    0.13681011,    0.66124886,   0.030402246,    0.22801685,    0.34962583,   0.015201123,    0.28882134,             0}
}

{{      0.054116}
{      0.009709}
{       0.02016}
{      0.024289}
{      0.088668}
{      0.068183}
{      0.024518}
{      0.092639}
{      0.021718}
{      0.148658}
{      0.061453}
{      0.039903}
{      0.041826}
{      0.018781}
{      0.018227}
{       0.09103}
{      0.049194}
{      0.057701}
{      0.029786}
{      0.039443}
}
