/*
    Utility functions/data for creating the model information found in `empirical.bf`.
*/

LoadFunctionLibrary ("../protein.bf");
LoadFunctionLibrary("../../UtilityFunctions.bf");

function mapMatrixToDict (letters, matrix) {
    dict   = {};
    dim    = utility.Array1D (letters);

    for (l1 = 0; l1 < dim - 1; l1 += 1) {
        dict[letters[l1]] = {};
        for (l2 = l1 + 1; l2 < dim; l2 += 1) {
            (dict[letters[l1]])[letters[l2]] = matrix [l1][l2];
        }
    }
    return dict;
}

models.protein.WAG.empirical_Q = {
    {0, 3.26324, 2.34804, 5.02923, 0.668808, 4.50138, 1.00707, 0.6142879999999999, 2.8795, 1.26431, 2.83893, 1.61995, 4.57074, 2.88691, 1.75252, 10.7101, 6.73946, 6.37375, 0.35946, 0.764894}
    {3.26324, 0, 0.0962568, 0.06784229999999999, 1.26464, 0.974403, 0.791065, 0.540574, 0.23523, 1.22101, 1.24069, 0.842805, 0.347612, 0.313977, 1.67824, 4.4726, 1.62992, 3.18413, 2.27837, 1.72794}
    {2.34804, 0.0962568, 0, 19.6173, 0.148478, 2.75024, 2.95706, 0.125304, 1.52466, 0.269452, 0.32966, 17.251, 1.34714, 1.95972, 0.468033, 3.40533, 1.19107, 0.484018, 0.412312, 1.03489}
    {5.02923, 0.06784229999999999, 19.6173, 0, 0.257789, 1.80382, 1.81116, 0.404776, 8.21158, 0.490144, 1.00125, 3.00956, 2.16806, 17.3783, 1.39535, 2.23982, 2.61419, 1.87059, 0.497433, 0.623719}
    {0.668808, 1.26464, 0.148478, 0.257789, 0, 0.158647, 2.15858, 3.36628, 0.282261, 6.72059, 3.78302, 0.305538, 0.51296, 0.317481, 0.326346, 1.7346, 0.546192, 2.06492, 4.86017, 20.5074}
    {4.50138, 0.974403, 2.75024, 1.80382, 0.158647, 0, 0.792457, 0.0967499, 1.18692, 0.194782, 0.553173, 3.57627, 0.773901, 1.04868, 1.85767, 4.2634, 0.717545, 0.5949449999999999, 1.07071, 0.329184}
    {1.00707, 0.791065, 2.95706, 1.81116, 2.15858, 0.792457, 0, 0.439075, 2.82919, 1.58695, 1.28409, 12.5704, 2.21205, 13.6438, 6.79042, 2.35176, 1.50385, 0.376062, 0.834267, 12.3072}
    {0.6142879999999999, 0.540574, 0.125304, 0.404776, 3.36628, 0.0967499, 0.439075, 0, 1.02892, 10.0752, 13.5273, 1.76099, 0.317506, 0.361952, 0.594093, 1.01497, 4.63305, 24.8508, 0.675128, 1.33502}
    {2.8795, 0.23523, 1.52466, 8.21158, 0.282261, 1.18692, 2.82919, 1.02892, 0, 0.818336, 2.9685, 9.57014, 1.76944, 12.3754, 17.0032, 3.07289, 4.40689, 0.970464, 0.436898, 0.423423}
    {1.26431, 1.22101, 0.269452, 0.490144, 6.72059, 0.194782, 1.58695, 10.0752, 0.818336, 0, 15.4228, 0.417907, 1.32127, 2.76265, 1.58126, 1.09535, 1.03778, 5.72027, 2.1139, 1.26654}
    {2.83893, 1.24069, 0.32966, 1.00125, 3.78302, 0.553173, 1.28409, 13.5273, 2.9685, 15.4228, 0, 0.629813, 0.544368, 4.9098, 2.17063, 1.5693, 4.81721, 6.54037, 1.63857, 1.36128}
    {1.61995, 0.842805, 17.251, 3.00956, 0.305538, 3.57627, 12.5704, 1.76099, 9.57014, 0.417907, 0.629813, 0, 0.6198360000000001, 4.90465, 2.0187, 12.6274, 6.45016, 0.623538, 0.228503, 3.45058}
    {4.57074, 0.347612, 1.34714, 2.16806, 0.51296, 0.773901, 2.21205, 0.317506, 1.76944, 1.32127, 0.544368, 0.6198360000000001, 0, 2.96563, 2.15896, 5.12592, 2.52719, 1.0005, 0.442935, 0.686449}
    {2.88691, 0.313977, 1.95972, 17.3783, 0.317481, 1.04868, 13.6438, 0.361952, 12.3754, 2.76265, 4.9098, 4.90465, 2.96563, 0, 9.644769999999999, 3.26906, 2.72592, 0.957268, 0.685467, 0.723509}
    {1.75252, 1.67824, 0.468033, 1.39535, 0.326346, 1.85767, 6.79042, 0.594093, 17.0032, 1.58126, 2.17063, 2.0187, 2.15896, 9.644769999999999, 0, 3.88965, 1.76155, 0.800207, 3.69815, 1.21225}
    {10.7101, 4.4726, 3.40533, 2.23982, 1.7346, 4.2634, 2.35176, 1.01497, 3.07289, 1.09535, 1.5693, 12.6274, 5.12592, 3.26906, 3.88965, 0, 13.9104, 0.739488, 1.6641, 2.50053}
    {6.73946, 1.62992, 1.19107, 2.61419, 0.546192, 0.717545, 1.50385, 4.63305, 4.40689, 1.03778, 4.81721, 6.45016, 2.52719, 2.72592, 1.76155, 13.9104, 0, 4.41086, 0.352251, 0.925072}
    {6.37375, 3.18413, 0.484018, 1.87059, 2.06492, 0.5949449999999999, 0.376062, 24.8508, 0.970464, 5.72027, 6.54037, 0.623538, 1.0005, 0.957268, 0.800207, 0.739488, 4.41086, 0, 1.1609, 1}
    {0.35946, 2.27837, 0.412312, 0.497433, 4.86017, 1.07071, 0.834267, 0.675128, 0.436898, 2.1139, 1.63857, 0.228503, 0.442935, 0.685467, 3.69815, 1.6641, 0.352251, 1.1609, 0, 7.8969}
    {0.764894, 1.72794, 1.03489, 0.623719, 20.5074, 0.329184, 12.3072, 1.33502, 0.423423, 1.26654, 1.36128, 3.45058, 0.686449, 0.723509, 1.21225, 2.50053, 0.925072, 1, 7.8969, 0}
};

//fprintf (stdout, mapMatrixToDict (models.protein.alphabet, models.protein.WAG.empirical_Q), "\n"):




models.protein.LG.empirical_Q = {
    {0, 7.908630, 1.255501, 3.299796, 0.806091, 6.564482, 1.140209, 0.476059, 1.704692, 1.256114, 3.571425, 0.879541, 3.741781, 3.081669, 1.350659, 15.019796, 6.797891, 8.095413, 0.574197, 0.695704}
    {7.908630, 0, 0.198761, 0.011117, 3.511742, 1.808740, 2.035214, 1.018736, 0.042150, 1.887354, 2.839512, 1.680068, 0.239513, 0.269463, 1.698443, 8.847193, 3.633208, 6.225305, 2.129215, 3.703275}
    {1.255501, 0.198761, 0, 16.661482, 0.055336, 2.684605, 2.945743, 0.033966, 0.899053, 0.047901, 0.081174, 16.128578, 1.253315, 1.662968, 0.393842, 3.940757, 1.353096, 0.120634, 0.094970, 0.429279}
    {3.299796, 0.011117, 16.661482, 0, 0.059769, 1.108400, 1.346808, 0.140644, 5.741990, 0.221374, 0.552013, 1.721195, 1.332599, 13.117878, 1.156451, 1.944437, 1.920836, 0.778553, 0.247361, 0.381397}
    {0.806091, 3.511742, 0.055336, 0.059769, 0, 0.284644, 2.167378, 3.535496, 0.075995, 8.237827, 5.715542, 0.284450, 0.300143, 0.113923, 0.167515, 1.149617, 0.524262, 2.080141, 7.807073, 24.795538}
    {6.564482, 1.808740, 2.684605, 1.108400, 0.284644, 0, 0.989686, 0.027659, 0.942509, 0.140632, 0.443358, 4.567866, 0.625809, 0.851393, 1.239767, 5.528515, 0.412531, 0.243704, 0.853083, 0.173733}
    {1.140209, 2.035214, 2.945743, 1.346808, 2.167378, 0.989686, 0, 0.345954, 2.215435, 1.163908, 1.405878, 14.327317, 1.616785, 15.294073, 7.710101, 3.145590, 1.856391, 0.378143, 1.897035, 16.861539}
    {0.476059, 1.018736, 0.033966, 0.140644, 3.535496, 0.027659, 0.345954, 0, 0.505414, 13.170227, 13.578641, 0.608467, 0.248724, 0.231481, 0.403492, 0.203682, 3.284525, 2.062424, 0.354780, 0.738801}
    {1.704692, 0.042150, 0.899053, 5.741990, 0.075995, 0.942509, 2.215435, 0.505414, 0, 0.436882, 2.086245, 6.815611, 1.240180, 10.276405, 20.099975, 2.378810, 3.612184, 0.588447, 0.158568, 0.419191}
    {1.256114, 1.887354, 0.047901, 0.221374, 8.237827, 0.140632, 1.163908, 13.170227, 0.436882, 0, 20.056417, 0.217415, 0.791345, 1.850656, 0.959069, 0.579185, 0.962526, 5.410175, 1.968773, 0.952079}
    {3.571425, 2.839512, 0.081174, 0.552013, 5.715542, 0.443358, 1.405878, 13.578641, 2.086245, 20.056417, 0, 1.178801, 0.317253, 5.314296, 1.538248, 1.102405, 6.419361, 6.032845, 2.211975, 1.529266}
    {0.879541, 1.680068, 16.128578, 1.721195, 0.284450, 4.567866, 14.327317, 0.608467, 6.815611, 0.217415, 1.178801, 0, 0.514050, 5.387956, 2.388961, 12.735858, 6.356809, 0.265904, 0.144174, 1.944603}
    {3.741781, 0.239513, 1.253315, 1.332599, 0.300143, 0.625809, 1.616785, 0.248724, 1.240180, 0.791345, 0.317253, 0.514050, 0, 1.983585, 1.056566, 4.251681, 1.815740, 0.942080, 0.302262, 0.284730}
    {3.081669, 0.269463, 1.662968, 13.117878, 0.113923, 0.851393, 15.294073, 0.231481, 10.276405, 1.850656, 5.314296, 5.387956, 1.983585, 0, 8.921638, 3.888500, 3.431944, 0.668293, 0.750481, 0.817640}
    {1.350659, 1.698443, 0.393842, 1.156451, 0.167515, 1.239767, 7.710101, 0.403492, 20.099975, 0.959069, 1.538248, 2.388961, 1.056566, 8.921638, 0, 2.726625, 1.839630, 0.542964, 1.886083, 0.999078}
    {15.019796, 8.847193, 3.940757, 1.944437, 1.149617, 5.528515, 3.145590, 0.203682, 2.378810, 0.579185, 1.102405, 12.735858, 4.251681, 3.888500, 2.726625, 0, 20.564538, 0.312550, 0.790716, 1.272668}
    {6.797891, 3.633208, 1.353096, 1.920836, 0.524262, 0.412531, 1.856391, 3.284525, 3.612184, 0.962526, 6.419361, 6.356809, 1.815740, 3.431944, 1.839630, 20.564538, 0, 6.952490, 0.447447, 0.781117}
    {8.095413, 6.225305, 0.120634, 0.778553, 2.080141, 0.243704, 0.378143, 2.062424, 0.588447, 5.410175, 6.032845, 0.265904, 0.942080, 0.668293, 0.542964, 0.312550, 6.952490, 0, 0.602135, 0.792149}
    {0.574197, 2.129215, 0.094970, 0.247361, 7.807073, 0.853083, 1.897035, 0.354780, 0.158568, 1.968773, 2.211975, 0.144174, 0.302262, 0.750481, 1.886083, 0.790716, 0.447447, 0.602135, 0, 10.014342}
    {0.695704, 3.703275, 0.429279, 0.381397, 24.795538, 0.173733, 16.861539, 0.738801, 0.419191, 0.952079, 1.529266, 1.944603, 0.284730, 0.817640, 0.999078, 1.272668, 0.781117, 0.792149, 10.014342, 0}
};
//fprintf (stdout, mapMatrixToDict (models.protein.alphabet, models.protein.LG.empirical_Q), "\n"):


models.protein.JTT.empirical_Q = {
	{0, 1.825304, 2.629062, 3.389193, 0.439402, 5.529052, 0.698916, 1.149188, 1.173822, 0.984993, 1.491421, 1.772843, 6.226284, 1.768897, 1.689314, 12.350566, 14.560301, 9.291012, 0.267941, 0.443212}
	{1.825304, 0, 0.335605, 0.171280, 2.155291, 1.736056, 2.303555, 0.478375, 0.155718, 0.522966, 1.300168, 0.995491, 0.392886, 0.290103, 3.240373, 6.848188, 1.492781, 1.974145, 3.508343, 6.719573}
	{2.629062, 0.335605, 0, 24.676880, 0.103333, 4.042937, 3.280087, 0.368468, 0.897486, 0.195361, 0.603695, 17.632664, 0.404041, 1.657439, 0.492165, 1.872296, 1.350869, 1.001687, 0.182588, 1.442353}
	{3.389193, 0.171280, 24.676880, 0, 0.139259, 3.544726, 0.774530, 0.355139, 5.502124, 0.309742, 0.556299, 1.836860, 0.610027, 10.859165, 1.011924, 0.992752, 1.053550, 1.478317, 0.363426, 0.201608}
	{0.439402, 2.155291, 0.103333, 0.139259, 0, 0.159540, 1.440688, 2.469068, 0.077911, 7.944248, 1.385889, 0.233473, 0.471779, 0.145150, 0.207524, 2.999303, 0.441343, 1.885673, 1.709153, 17.425203}
	{5.529052, 1.736056, 4.042937, 3.544726, 0.159540, 0, 0.640854, 0.170842, 0.857370, 0.220799, 0.414257, 2.457067, 0.661141, 0.734896, 4.320057, 5.955249, 1.006774, 1.493788, 1.729037, 0.166810}
	{0.698916, 2.303555, 3.280087, 0.774530, 1.440688, 0.640854, 0, 0.577600, 1.668401, 1.717570, 1.047437, 12.791207, 3.628382, 18.060173, 10.201347, 2.362208, 1.516712, 0.387084, 0.407311, 18.582271}
	{1.149188, 0.478375, 0.368468, 0.355139, 2.469068, 0.170842, 0.577600, 0, 0.643605, 7.419497, 15.351776, 1.560076, 0.313221, 0.248689, 0.760000, 1.287195, 8.114273, 30.292441, 0.427382, 0.964144}
	{1.173822, 0.155718, 0.897486, 5.502124, 0.077911, 0.857370, 1.668401, 0.643605, 0, 0.465418, 1.984497, 8.037099, 0.687399, 9.426273, 20.745569, 1.507571, 3.068156, 0.394198, 0.283208, 0.279300}
	{0.984993, 0.522966, 0.195361, 0.309742, 7.944248, 0.220799, 1.717570, 7.419497, 0.465418, 0, 12.254646, 0.436212, 3.369566, 2.252737, 1.182794, 1.882600, 0.865866, 5.596665, 1.685012, 0.766034}
	{1.491421, 1.300168, 0.603695, 0.556299, 1.385889, 0.414257, 1.047437, 15.351776, 1.984497, 12.254646, 0, 1.050805, 0.521765, 1.451723, 1.369570, 0.907330, 6.719179, 9.654409, 0.639704, 0.603279}
	{1.772843, 0.995491, 17.632664, 1.836860, 0.233473, 2.457067, 12.791207, 1.560076, 8.037099, 0.436212, 1.050805, 0, 0.387011, 2.442836, 1.433276, 16.070798, 7.470881, 0.522749, 0.088012, 2.226330}
	{6.226284, 0.392886, 0.404041, 0.610027, 0.471779, 0.661141, 3.628382, 0.313221, 0.687399, 3.369566, 0.521765, 0.387011, 0, 5.109540, 2.257455, 8.859674, 3.739588, 0.672198, 0.222302, 0.361739}
	{1.768897, 0.290103, 1.657439, 10.859165, 0.145150, 0.734896, 18.060173, 0.248689, 9.426273, 2.252737, 1.451723, 2.442836, 5.109540, 0, 9.601862, 1.743739, 1.664363, 0.571191, 0.547155, 0.809408}
	{1.689314, 3.240373, 0.492165, 1.011924, 0.207524, 4.320057, 10.201347, 0.760000, 20.745569, 1.182794, 1.369570, 1.433276, 2.257455, 9.601862, 0, 3.182254, 2.066158, 0.546484, 3.996952, 0.748581}
	{12.350566, 6.848188, 1.872296, 0.992752, 2.999303, 5.955249, 2.362208, 1.287195, 1.507571, 1.882600, 0.907330, 16.070798, 8.859674, 1.743739, 3.182254, 0, 15.180140, 1.298039, 0.987916, 1.997292}
	{14.560301, 1.492781, 1.350869, 1.053550, 0.441343, 1.006774, 1.516712, 8.114273, 3.068156, 0.865866, 6.719179, 7.470881, 3.739588, 1.664363, 2.066158, 15.180140, 0, 3.634797, 0.255953, 0.638941}
	{9.291012, 1.974145, 1.001687, 1.478317, 1.885673, 1.493788, 0.387084, 30.292441, 0.394198, 5.596665, 9.654409, 0.522749, 0.672198, 0.571191, 0.546484, 1.298039, 3.634797, 0, 0.761595, 0.525762}
	{0.267941, 3.508343, 0.182588, 0.363426, 1.709153, 1.729037, 0.407311, 0.427382, 0.283208, 1.685012, 0.639704, 0.088012, 0.222302, 0.547155, 3.996952, 0.987916, 0.255953, 0.761595, 0, 2.376287}
	{0.443212, 6.719573, 1.442353, 0.201608, 17.425203, 0.166810, 18.582271, 0.964144, 0.279300, 0.766034, 0.603279, 2.226330, 0.361739, 0.809408, 0.748581, 1.997292, 0.638941, 0.525762, 2.376287, 0}
};

//fprintf (stdout, mapMatrixToDict (models.protein.alphabet, models.protein.JTT.empirical_Q), "\n"):



/*****************************************************************************************************************************************************************************************************************************/

models.protein.WAG.empirical_Q_normalized = {
	{0., 2.081175e-02, 4.424356e-02, 9.644885e-02, 8.490242e-03, 1.237844e-01, 8.127019e-03, 9.834135e-03, 5.899778e-02, 3.600239e-02, 1.828840e-02, 2.091646e-02, 6.909218e-02, 3.502343e-02, 2.545459e-02, 2.459330e-01, 1.358225e-01, 1.492591e-01, 1.708106e-03, 8.912199e-03}
	{9.337576e-02, 0., 1.813745e-03, 1.301055e-03, 1.605407e-02, 2.679532e-02, 6.383892e-03, 8.654049e-03, 4.819601e-03, 3.476936e-02, 7.992529e-03, 1.088210e-02, 5.254569e-03, 3.809101e-03, 2.437562e-02, 1.027029e-01, 3.284827e-02, 7.456520e-02, 1.082647e-02, 2.013312e-02}
	{6.718774e-02, 6.138903e-04, 0., 3.762142e-01, 1.884863e-03, 7.562952e-02, 2.386347e-02, 2.005993e-03, 3.123852e-02, 7.672926e-03, 2.123675e-03, 2.227414e-01, 2.036354e-02, 2.377493e-02, 6.797970e-03, 7.819566e-02, 2.400406e-02, 1.133463e-02, 1.959249e-03, 1.205807e-02}
	{1.439085e-01, 4.326730e-04, 3.696449e-01, 0., 3.272523e-03, 4.960369e-02, 1.461601e-02, 6.480045e-03, 1.682461e-01, 1.395734e-02, 6.450074e-03, 3.885870e-02, 3.277285e-02, 2.108299e-01, 2.026676e-02, 5.143238e-02, 5.268470e-02, 4.380510e-02, 2.363730e-03, 7.267292e-03}
	{1.913755e-02, 8.065405e-03, 2.797733e-03, 4.943786e-03, 0., 4.362670e-03, 1.741975e-02, 5.389076e-02, 5.783216e-03, 1.913755e-01, 2.437025e-02, 3.945040e-03, 7.754001e-03, 3.851615e-03, 4.740036e-03, 3.983115e-02, 1.100758e-02, 4.835584e-02, 2.309483e-02, 2.389425e-01}
	{1.288044e-01, 6.214386e-03, 5.182222e-02, 3.459307e-02, 2.013959e-03, 0., 6.395123e-03, 1.548868e-03, 2.431859e-02, 5.546612e-03, 3.563543e-03, 4.617598e-02, 1.169843e-02, 1.272240e-02, 2.698185e-02, 9.789926e-02, 1.446092e-02, 1.393229e-02, 5.087841e-03, 3.835501e-03}
	{2.881661e-02, 5.045123e-03, 5.571926e-02, 3.473371e-02, 2.740232e-02, 2.179194e-02, 0., 7.029141e-03, 5.796705e-02, 4.519012e-02, 8.272107e-03, 1.623063e-01, 3.343772e-02, 1.655236e-01, 9.862788e-02, 5.400277e-02, 3.030760e-02, 8.806541e-03, 3.964322e-03, 1.433978e-01}
	{1.757750e-02, 3.447584e-03, 2.361080e-03, 7.762644e-03, 4.273355e-02, 2.660546e-03, 3.543330e-03, 0., 2.108143e-02, 2.869017e-01, 8.714326e-02, 2.273747e-02, 4.799484e-03, 4.391122e-03, 8.628942e-03, 2.330635e-02, 9.337141e-02, 5.819514e-01, 3.208113e-03, 1.555502e-02}
	{8.239521e-02, 1.500209e-03, 2.872875e-02, 1.574787e-01, 3.583186e-03, 3.263925e-02, 2.283157e-02, 1.647196e-02, 0., 2.330296e-02, 1.912310e-02, 1.235674e-01, 2.674718e-02, 1.501354e-01, 2.469640e-01, 7.056185e-02, 8.881349e-02, 2.272611e-02, 2.076079e-03, 4.933538e-03}
	{3.617737e-02, 7.787122e-03, 5.077229e-03, 9.399810e-03, 8.531504e-02, 5.356348e-03, 1.280670e-02, 1.612938e-01, 1.676681e-02, 0., 9.935387e-02, 5.395922e-03, 1.997258e-02, 3.351591e-02, 2.296714e-02, 2.515217e-02, 2.091482e-02, 1.339560e-01, 1.004497e-02, 1.475715e-02}
	{8.123429e-02, 7.912656e-03, 6.211717e-03, 1.920166e-02, 4.802387e-02, 1.521181e-02, 1.036258e-02, 2.165590e-01, 6.082129e-02, 4.391801e-01, 0., 8.131996e-03, 8.228768e-03, 5.956464e-02, 3.152741e-02, 3.603533e-02, 9.708280e-02, 1.531609e-01, 7.786238e-03, 1.586107e-02}
	{4.635403e-02, 5.375099e-03, 3.250575e-01, 5.771624e-02, 3.878683e-03, 9.834466e-02, 1.014432e-01, 2.819164e-02, 1.960816e-01, 1.190033e-02, 4.057260e-03, 0., 9.369553e-03, 5.950219e-02, 2.932074e-02, 2.899600e-01, 1.299922e-01, 1.460187e-02, 1.085813e-03, 4.020457e-02}
	{1.307891e-01, 2.216942e-03, 2.538378e-02, 4.157839e-02, 6.511818e-03, 2.128168e-02, 1.785121e-02, 5.082956e-03, 3.625388e-02, 3.762457e-02, 3.506825e-03, 8.003178e-03, 0., 3.597839e-02, 3.135791e-02, 1.177049e-01, 5.093139e-02, 2.342947e-02, 2.104766e-03, 7.998193e-03}
	{8.260732e-02, 2.002428e-03, 3.692659e-02, 3.332748e-01, 4.030289e-03, 2.883795e-02, 1.101053e-01, 5.794476e-03, 2.535576e-01, 7.866928e-02, 3.162895e-02, 6.332767e-02, 4.482896e-02, 0., 1.400860e-01, 7.506641e-02, 5.493632e-02, 2.241710e-02, 3.257243e-03, 8.430004e-03}
	{5.014737e-02, 1.070316e-02, 8.819041e-03, 2.675944e-02, 4.142831e-03, 5.108451e-02, 5.479867e-02, 9.510832e-03, 3.483770e-01, 4.502808e-02, 1.398321e-02, 2.606500e-02, 3.263520e-02, 1.170084e-01, 0., 8.931696e-02, 3.550112e-02, 1.873906e-02, 1.757311e-02, 1.412465e-02}
	{3.064633e-01, 2.852456e-02, 6.416591e-02, 4.295451e-02, 2.202004e-02, 1.172401e-01, 1.897867e-02, 1.624856e-02, 6.296009e-02, 3.119116e-02, 1.010943e-02, 1.630423e-01, 7.748429e-02, 3.965952e-02, 5.649546e-02, 0., 2.803409e-01, 1.731717e-02, 7.907568e-03, 2.913510e-02}
	{1.928457e-01, 1.039501e-02, 2.244310e-02, 5.013408e-02, 6.933680e-03, 1.973192e-02, 1.213606e-02, 7.417044e-02, 9.029229e-02, 2.955197e-02, 3.103250e-02, 8.328300e-02, 3.820153e-02, 3.307027e-02, 2.558574e-02, 3.194205e-01, 0., 1.032926e-01, 1.673848e-03, 1.077852e-02}
	{1.823811e-01, 2.030718e-02, 9.120245e-03, 3.587353e-02, 2.621329e-02, 1.636051e-02, 3.034818e-03, 3.978365e-01, 1.988373e-02, 1.628904e-01, 4.213311e-02, 8.050972e-03, 1.512372e-02, 1.161338e-02, 1.162264e-02, 1.698065e-02, 8.889353e-02, 0., 5.516418e-03, 1.165155e-02}
	{1.028575e-02, 1.453057e-02, 7.769107e-03, 9.539592e-03, 6.169778e-02, 2.944354e-02, 6.732533e-03, 1.080811e-02, 8.951565e-03, 6.019556e-02, 1.055566e-02, 2.950375e-03, 6.695488e-03, 8.315944e-03, 5.371404e-02, 3.821224e-02, 7.099034e-03, 2.718563e-02, 0., 9.201110e-02}
	{2.188698e-02, 1.102013e-02, 1.950020e-02, 1.196146e-02, 2.603323e-01, 9.052294e-03, 9.931890e-02, 2.137227e-02, 8.675476e-03, 3.606600e-02, 8.769406e-03, 4.455303e-02, 1.037648e-02, 8.777464e-03, 1.760746e-02, 5.741905e-02, 1.864329e-02, 2.341779e-02, 3.752494e-02, 0.}
};
fprintf(stdout, "\n\n\nWAG");
fprintf (stdout, mapMatrixToDict (models.protein.alphabet, models.protein.WAG.empirical_Q_normalized), "\n");


models.protein.LG.empirical_Q_normalized = {
	{0., 3.522956e-02, 2.293460e-02, 8.133689e-02, 1.174132e-02, 1.296008e-01, 8.776705e-03, 1.018879e-02, 3.791848e-02, 4.285406e-02, 2.822381e-02, 1.271276e-02, 5.674114e-02, 4.325807e-02, 2.601647e-02, 3.164948e-01, 1.247291e-01, 1.927457e-01, 2.385593e-03, 8.181845e-03}
	{2.153069e-01, 0., 3.630821e-03, 2.740351e-04, 5.115122e-02, 3.570948e-02, 1.566596e-02, 2.180340e-02, 9.375764e-04, 6.438966e-02, 2.243974e-02, 2.428347e-02, 3.632027e-03, 3.782507e-03, 3.271550e-02, 1.864267e-01, 6.666287e-02, 1.482198e-01, 8.846170e-03, 4.355245e-02}
	{3.418014e-02, 8.853943e-04, 0., 4.106900e-01, 8.060157e-04, 5.300146e-02, 2.267472e-02, 7.269456e-04, 1.999816e-02, 1.634220e-03, 6.414941e-04, 2.331202e-01, 1.900553e-02, 2.334345e-02, 7.586211e-03, 8.303904e-02, 2.482688e-02, 2.872194e-03, 3.945694e-04, 5.048546e-03}
	{8.983463e-02, 4.952354e-05, 3.043602e-01, 0., 8.705765e-04, 2.188286e-02, 1.036699e-02, 3.010126e-03, 1.277224e-01, 7.552471e-03, 4.362376e-03, 2.487791e-02, 2.020781e-02, 1.841385e-01, 2.227563e-02, 4.097288e-02, 3.524391e-02, 1.853676e-02, 1.027702e-03, 4.485425e-03}
	{2.194525e-02, 1.564331e-02, 1.010844e-03, 1.473242e-03, 0., 5.619650e-03, 1.668329e-02, 7.566810e-02, 1.690408e-03, 2.810447e-01, 4.516806e-02, 4.111401e-03, 4.551429e-03, 1.599162e-03, 3.226682e-03, 2.422454e-02, 9.619268e-03, 4.952661e-02, 3.243575e-02, 2.916085e-01}
	{1.787134e-01, 8.057165e-03, 4.904047e-02, 2.732104e-02, 4.146056e-03, 0., 7.618063e-03, 5.919608e-04, 2.096479e-02, 4.797840e-03, 3.503711e-03, 6.602330e-02, 9.489902e-03, 1.195119e-02, 2.388046e-02, 1.164960e-01, 7.569210e-03, 5.802412e-03, 3.544273e-03, 2.043191e-03}
	{3.104138e-02, 9.066007e-03, 5.381075e-02, 3.319756e-02, 3.156951e-02, 1.953911e-02, 0., 7.404237e-03, 4.927923e-02, 3.970833e-02, 1.111019e-02, 2.070850e-01, 2.451727e-02, 2.146863e-01, 1.485124e-01, 6.628340e-02, 3.406144e-02, 9.003304e-03, 7.881540e-03, 1.983005e-01}
	{1.296036e-02, 4.538035e-03, 6.204598e-04, 3.466751e-03, 5.149721e-02, 5.460569e-04, 2.662961e-03, 0., 1.124222e-02, 4.493203e-01, 1.073075e-01, 8.794702e-03, 3.771706e-03, 3.249348e-03, 7.772081e-03, 4.291965e-03, 6.026516e-02, 4.910478e-02, 1.473992e-03, 8.688692e-03}
	{4.640905e-02, 1.877620e-04, 1.642326e-02, 1.415347e-01, 1.106929e-03, 1.860771e-02, 1.705320e-02, 1.081707e-02, 0., 1.490483e-02, 1.648691e-02, 9.851189e-02, 1.880635e-02, 1.442522e-01, 3.871668e-01, 5.012591e-02, 6.627711e-02, 1.401048e-02, 6.587949e-04, 4.929905e-03}
	{3.419683e-02, 8.407354e-03, 8.750282e-04, 5.456658e-03, 1.199902e-01, 2.776453e-03, 8.959132e-03, 2.818745e-01, 9.717832e-03, 0., 1.584993e-01, 3.142484e-03, 1.200011e-02, 2.597806e-02, 1.847365e-02, 1.220450e-02, 1.766063e-02, 1.288122e-01, 8.179586e-03, 1.119695e-02}
	{9.722955e-02, 1.264881e-02, 1.482835e-03, 1.360659e-02, 8.325125e-02, 8.753095e-03, 1.082167e-02, 2.906155e-01, 4.640558e-02, 6.842521e-01, 0., 1.703821e-02, 4.810887e-03, 7.459796e-02, 2.962982e-02, 2.322970e-02, 1.177837e-01, 1.436375e-01, 9.190009e-03, 1.798497e-02}
	{2.394488e-02, 7.483985e-03, 2.946254e-01, 4.242586e-02, 4.143233e-03, 9.018219e-02, 1.102838e-01, 1.302266e-02, 1.516037e-01, 7.417406e-03, 9.315676e-03, 0., 7.795161e-03, 7.563194e-02, 4.601631e-02, 2.683680e-01, 1.166360e-01, 6.330976e-03, 5.989957e-04, 2.286955e-02}
	{1.018673e-01, 1.066928e-03, 2.289467e-02, 3.284732e-02, 4.371811e-03, 1.235518e-02, 1.244513e-02, 5.323295e-03, 2.758606e-02, 2.699781e-02, 2.507145e-03, 7.430006e-03, 0., 2.784403e-02, 2.035162e-02, 8.959077e-02, 3.331558e-02, 2.243022e-02, 1.255797e-03, 3.348570e-03}
	{8.389628e-02, 1.200340e-03, 3.037792e-02, 3.233435e-01, 1.659376e-03, 1.680883e-02, 1.177254e-01, 4.954246e-03, 2.285842e-01, 6.313765e-02, 4.199715e-02, 7.787677e-02, 3.007950e-02, 0., 1.718491e-01, 8.193787e-02, 6.297003e-02, 1.591156e-02, 3.117996e-03, 9.615879e-03}
	{3.677074e-02, 7.565835e-03, 7.194431e-03, 2.850544e-02, 2.439983e-03, 2.447639e-02, 5.934815e-02, 8.635692e-03, 4.470957e-01, 3.271996e-02, 1.215627e-02, 3.452971e-02, 1.602198e-02, 1.252350e-01, 0., 5.745502e-02, 3.375392e-02, 1.292756e-02, 7.836037e-03, 1.174968e-02}
	{4.089034e-01, 3.941046e-02, 7.198697e-02, 4.792857e-02, 1.674505e-02, 1.091480e-01, 2.421304e-02, 4.359293e-03, 5.291328e-02, 1.975969e-02, 8.711946e-03, 1.840823e-01, 6.447338e-02, 5.458374e-02, 5.252041e-02, 0., 3.773224e-01, 7.441590e-03, 3.285156e-03, 1.496724e-02}
	{1.850678e-01, 1.618439e-02, 2.471740e-02, 4.734683e-02, 7.636277e-03, 8.144497e-03, 1.428948e-02, 7.029673e-02, 8.034795e-02, 3.283790e-02, 5.073011e-02, 9.188042e-02, 2.753426e-02, 4.817496e-02, 3.543506e-02, 4.333327e-01, 0., 1.655336e-01, 1.858990e-03, 9.186346e-03}
	{2.203919e-01, 2.773107e-02, 2.203648e-03, 1.919060e-02, 3.029885e-02, 4.811385e-03, 2.910739e-03, 4.414083e-02, 1.308917e-02, 1.845755e-01, 4.767561e-02, 3.843339e-03, 1.428590e-02, 9.380981e-03, 1.045859e-02, 6.586013e-03, 1.275657e-01, 0., 2.501667e-03, 9.316084e-03}
	{1.563210e-02, 9.484742e-03, 1.734849e-03, 6.097222e-03, 1.137160e-01, 1.684220e-02, 1.460234e-02, 7.593148e-03, 3.527113e-03, 6.716738e-02, 1.748051e-02, 2.083875e-03, 4.583566e-03, 1.053467e-02, 3.632983e-02, 1.666183e-02, 8.209850e-03, 1.433638e-02, 0., 1.177739e-01}
	{1.894005e-02, 1.649650e-02, 7.841764e-03, 9.401073e-03, 3.611660e-01, 3.429965e-03, 1.297909e-01, 1.581212e-02, 9.324313e-03, 3.248149e-02, 1.208529e-02, 2.810701e-02, 4.317700e-03, 1.147739e-02, 1.924430e-02, 2.681747e-02, 1.433209e-02, 1.886046e-02, 4.160621e-02, 0.}
};
fprintf(stdout, "\n\n\nLG");

fprintf (stdout, mapMatrixToDict (models.protein.alphabet, models.protein.LG.empirical_Q_normalized), "\n");


fprintf(stdout, "\n\n\nJTT");
models.protein.JTT.empirical_Q_normalized = {
	{0., 1.164983e-02, 4.242226e-02, 6.594220e-02, 5.605013e-03, 1.300142e-01, 5.055569e-03, 1.901336e-02, 2.198075e-02, 2.824504e-02, 1.099041e-02, 2.373925e-02, 9.902243e-02, 2.285967e-02, 2.714587e-02, 2.651969e-01, 2.681624e-01, 1.940882e-01, 1.208940e-03, 4.506008e-03}
	{4.415494e-02, 0., 5.415286e-03, 3.332529e-03, 2.749291e-02, 4.082289e-02, 1.666262e-02, 7.914733e-03, 2.915936e-03, 1.499622e-02, 9.581053e-03, 1.333012e-02, 6.248431e-03, 3.749032e-03, 5.207011e-02, 1.470474e-01, 2.749309e-02, 4.123968e-02, 1.582953e-02, 6.831604e-02}
	{6.359823e-02, 2.141968e-03, 0., 4.801284e-01, 1.318116e-03, 9.506860e-02, 2.372630e-02, 6.096320e-03, 1.680615e-02, 5.602049e-03, 4.448682e-03, 2.361102e-01, 6.425849e-03, 2.141930e-02, 7.908676e-03, 4.020279e-02, 2.487944e-02, 2.092512e-02, 8.238323e-04, 1.466400e-02}
	{8.198614e-02, 1.093179e-03, 3.981835e-01, 0., 1.776388e-03, 8.335330e-02, 5.602518e-03, 5.875793e-03, 1.030317e-01, 8.881953e-03, 4.099415e-03, 2.459647e-02, 9.701838e-03, 1.403343e-01, 1.626078e-02, 2.131682e-02, 1.940362e-02, 3.088188e-02, 1.639765e-03, 2.049689e-03}
	{1.062933e-02, 1.375595e-02, 1.667369e-03, 2.709508e-03, 0., 3.751538e-03, 1.042113e-02, 4.085083e-02, 1.458950e-03, 2.278042e-01, 1.021273e-02, 3.126321e-03, 7.503140e-03, 1.875789e-03, 3.334736e-03, 6.440240e-02, 8.128382e-03, 3.939149e-02, 7.711647e-03, 1.771572e-01}
	{1.337503e-01, 1.108021e-02, 6.523640e-02, 6.896835e-02, 2.035091e-03, 0., 4.635577e-03, 2.826581e-03, 1.605493e-02, 6.331483e-03, 3.052693e-03, 3.290136e-02, 1.051474e-02, 9.497160e-03, 6.941973e-02, 1.278738e-01, 1.854212e-02, 3.120506e-02, 7.801362e-03, 1.695907e-03}
	{1.690710e-02, 1.470223e-02, 5.292712e-02, 1.506973e-02, 1.837743e-02, 1.506951e-02, 0., 9.556410e-03, 3.124215e-02, 4.925195e-02, 7.718657e-03, 1.712807e-01, 5.770555e-02, 2.333939e-01, 1.639271e-01, 5.072240e-02, 2.793385e-02, 8.086143e-03, 1.837774e-03, 1.889208e-01}
	{2.779938e-02, 3.053185e-03, 5.945561e-03, 6.909805e-03, 3.149544e-02, 4.017296e-03, 4.178032e-03, 0., 1.205203e-02, 2.127567e-01, 1.131285e-01, 2.089020e-02, 4.981443e-03, 3.213843e-03, 1.221257e-02, 2.763923e-02, 1.494435e-01, 6.328057e-01, 1.928334e-03, 9.802181e-03}
	{2.839528e-02, 9.938532e-04, 1.448174e-02, 1.070526e-01, 9.938358e-04, 2.016082e-02, 1.206827e-02, 1.064847e-02, 0., 1.334602e-02, 1.462393e-02, 1.076208e-01, 1.093234e-02, 1.218169e-01, 3.333640e-01, 3.237125e-02, 5.650736e-02, 8.234754e-03, 1.277824e-03, 2.839562e-03}
	{2.382744e-02, 3.337780e-03, 3.152324e-03, 6.026521e-03, 1.013368e-01, 5.192023e-03, 1.242394e-02, 1.227558e-01, 8.715324e-03, 0., 9.030557e-02, 5.841096e-03, 5.358937e-02, 2.911240e-02, 1.900652e-02, 4.042405e-02, 1.594697e-02, 1.169137e-01, 7.602722e-03, 7.788057e-03}
	{3.607815e-02, 8.298205e-03, 9.741158e-03, 1.082369e-02, 1.767841e-02, 9.741134e-03, 7.576573e-03, 2.539957e-01, 3.716131e-02, 3.514064e-01, 0., 1.407080e-02, 8.298110e-03, 1.876080e-02, 2.200785e-02, 1.948259e-02, 1.237496e-01, 2.016795e-01, 2.886323e-03, 6.133368e-03}
	{4.288589e-02, 6.353632e-03, 2.845187e-01, 3.573905e-02, 2.978184e-03, 5.777729e-02, 9.252443e-02, 2.581152e-02, 1.505011e-01, 1.250853e-02, 7.743476e-03, 0., 6.154998e-03, 3.156908e-02, 2.303155e-02, 3.450795e-01, 1.375939e-01, 1.092017e-02, 3.971070e-04, 2.263447e-02}
	{1.506166e-01, 2.507558e-03, 6.519569e-03, 1.186906e-02, 6.018014e-03, 1.554655e-02, 2.624568e-02, 5.182250e-03, 1.287209e-02, 9.662355e-02, 3.844928e-03, 5.182271e-03, 0., 6.603124e-02, 3.627542e-02, 1.902389e-01, 6.887338e-02, 1.404214e-02, 1.003017e-03, 3.677695e-03}
	{4.279042e-02, 1.851553e-03, 2.674426e-02, 2.112825e-01, 1.851531e-03, 1.728089e-02, 1.306371e-01, 4.114574e-03, 1.765145e-01, 6.459804e-02, 1.069787e-02, 3.271080e-02, 8.126180e-02, 0., 1.542939e-01, 3.744234e-02, 3.065318e-02, 1.193211e-02, 2.468744e-03, 8.229025e-03}
	{4.086529e-02, 2.068139e-02, 7.941514e-03, 1.968861e-02, 2.647175e-03, 1.015850e-01, 7.379083e-02, 1.257423e-02, 3.884775e-01, 3.391706e-02, 1.009248e-02, 1.919228e-02, 3.590242e-02, 1.240861e-01, 0., 6.833079e-02, 3.805319e-02, 1.141599e-02, 1.803412e-02, 7.610617e-03}
	{2.987659e-01, 4.370794e-02, 3.021117e-02, 1.931559e-02, 3.825913e-02, 1.400361e-01, 1.708689e-02, 2.129669e-02, 2.823048e-02, 5.398425e-02, 6.686193e-03, 2.151960e-01, 1.409036e-01, 2.253455e-02, 5.113617e-02, 0., 2.795782e-01, 2.711589e-02, 4.457448e-03, 2.030591e-02}
	{3.522204e-01, 9.527538e-03, 2.179747e-02, 2.049851e-02, 5.629777e-03, 2.367402e-02, 1.097104e-02, 1.342509e-01, 5.745369e-02, 2.482901e-02, 4.951422e-02, 1.000388e-01, 5.947417e-02, 2.150877e-02, 3.320143e-02, 3.259548e-01, 0., 7.593050e-02, 1.154850e-03, 6.495937e-03}
	{2.247538e-01, 1.259980e-02, 1.616311e-02, 2.876304e-02, 2.405365e-02, 3.512603e-02, 2.799949e-03, 5.011897e-01, 7.381676e-03, 1.604864e-01, 7.114419e-02, 6.999878e-03, 1.069059e-02, 7.381575e-03, 8.781546e-03, 2.787208e-02, 6.694340e-02, 0., 3.436295e-03, 5.345272e-03}
	{6.481609e-03, 2.239168e-02, 2.946223e-03, 7.071031e-03, 2.180197e-02, 4.065785e-02, 2.946258e-03, 7.071054e-03, 5.303293e-03, 4.831833e-02, 4.714033e-03, 1.178523e-03, 3.535470e-03, 7.070948e-03, 6.422769e-02, 2.121298e-02, 4.713974e-03, 1.590964e-02, 0., 2.415905e-02}
	{1.072149e-02, 4.288707e-02, 2.327365e-02, 3.922601e-03, 2.222760e-01, 3.922483e-03, 1.344137e-01, 1.595179e-02, 5.230110e-03, 2.196630e-02, 4.445615e-03, 2.981167e-02, 5.753066e-03, 1.046008e-02, 1.202907e-02, 4.288676e-02, 1.176761e-02, 1.098310e-02, 1.072173e-02, 0.}
};
fprintf (stdout, mapMatrixToDict (models.protein.alphabet, models.protein.JTT.empirical_Q_normalized), "\n");



